Method_ID,DStar,Tarantula,TarantulaStar,Ochiai,Naish2,Barinel,GP13,GP19
3,0.00000000000000000000,0.00000000000000000000,0.00000000000000000000,0.00000000000000000000,-0.00970873786407766900,0.00000000000000000000,0.00000000000000000000,0.00000000000000000000
4403,0.00000000000000000000,0.00000000000000000000,0.00000000000000000000,0.00000000000000000000,-0.00970873786407766900,0.00000000000000000000,0.00000000000000000000,0.00000000000000000000
5,0.00000000000000000000,0.00000000000000000000,0.00000000000000000000,0.00000000000000000000,-0.00970873786407766900,0.00000000000000000000,0.00000000000000000000,0.00000000000000000000
7,0.00000000000000000000,0.00000000000000000000,0.00000000000000000000,0.00000000000000000000,-100000000000000000000000000000000000000.00000000000000000000,0.00000000000000000000,0.00000000000000000000,0.00000000000000000000
4409,0.00000000000000000000,0.00000000000000000000,0.00000000000000000000,0.00000000000000000000,-0.21359223300970873000,0.00000000000000000000,0.00000000000000000000,0.00000000000000000000
4410,0.00000000000000000000,0.00000000000000000000,0.00000000000000000000,0.00000000000000000000,-0.00970873786407766900,0.00000000000000000000,0.00000000000000000000,0.00000000000000000000
12,0.00000000000000000000,0.00000000000000000000,0.00000000000000000000,0.00000000000000000000,-100000000000000000000000000000000000000.00000000000000000000,0.00000000000000000000,0.00000000000000000000,0.00000000000000000000
15,0.00980392156862745000,0.50000000000000000000,0.50000000000000000000,0.09853292781642932000,0.00970873786407766600,0.00970873786407766600,1.00487804878048780000,0.00000000000000000000
17,0.00000000000000000000,0.00000000000000000000,0.00000000000000000000,0.00000000000000000000,-100000000000000000000000000000000000000.00000000000000000000,0.00000000000000000000,0.00000000000000000000,0.00000000000000000000
16,0.00000000000000000000,0.00000000000000000000,0.00000000000000000000,0.00000000000000000000,-100000000000000000000000000000000000000.00000000000000000000,0.00000000000000000000,0.00000000000000000000,0.00000000000000000000
19,0.00000000000000000000,0.00000000000000000000,0.00000000000000000000,0.00000000000000000000,-100000000000000000000000000000000000000.00000000000000000000,0.00000000000000000000,0.00000000000000000000,0.00000000000000000000
18,0.00000000000000000000,0.00000000000000000000,0.00000000000000000000,0.00000000000000000000,-100000000000000000000000000000000000000.00000000000000000000,0.00000000000000000000,0.00000000000000000000,0.00000000000000000000
21,0.00000000000000000000,0.00000000000000000000,0.00000000000000000000,0.00000000000000000000,-100000000000000000000000000000000000000.00000000000000000000,0.00000000000000000000,0.00000000000000000000,0.00000000000000000000
20,0.00000000000000000000,0.00000000000000000000,0.00000000000000000000,0.00000000000000000000,-100000000000000000000000000000000000000.00000000000000000000,0.00000000000000000000,0.00000000000000000000,0.00000000000000000000
23,0.00000000000000000000,0.00000000000000000000,0.00000000000000000000,0.00000000000000000000,-100000000000000000000000000000000000000.00000000000000000000,0.00000000000000000000,0.00000000000000000000,0.00000000000000000000
22,0.00000000000000000000,0.00000000000000000000,0.00000000000000000000,0.00000000000000000000,-100000000000000000000000000000000000000.00000000000000000000,0.00000000000000000000,0.00000000000000000000,0.00000000000000000000
25,0.00000000000000000000,0.00000000000000000000,0.00000000000000000000,0.00000000000000000000,-100000000000000000000000000000000000000.00000000000000000000,0.00000000000000000000,0.00000000000000000000,0.00000000000000000000
24,0.00000000000000000000,0.00000000000000000000,0.00000000000000000000,0.00000000000000000000,-100000000000000000000000000000000000000.00000000000000000000,0.00000000000000000000,0.00000000000000000000,0.00000000000000000000
27,0.00000000000000000000,0.00000000000000000000,0.00000000000000000000,0.00000000000000000000,-100000000000000000000000000000000000000.00000000000000000000,0.00000000000000000000,0.00000000000000000000,0.00000000000000000000
26,0.00000000000000000000,0.00000000000000000000,0.00000000000000000000,0.00000000000000000000,-100000000000000000000000000000000000000.00000000000000000000,0.00000000000000000000,0.00000000000000000000,0.00000000000000000000
28,0.00000000000000000000,0.00000000000000000000,0.00000000000000000000,0.00000000000000000000,-100000000000000000000000000000000000000.00000000000000000000,0.00000000000000000000,0.00000000000000000000,0.00000000000000000000
4372,0.02127659574468085000,0.68456375838926180000,0.68456375838926180000,0.14433756729740646000,0.54368932038834950000,0.02083333333333337000,1.01052631578947370000,7.41619848709566300000
4359,0.00000000000000000000,0.00000000000000000000,0.00000000000000000000,0.00000000000000000000,-0.05825242718446602000,0.00000000000000000000,0.00000000000000000000,0.00000000000000000000
4360,0.00000000000000000000,0.00000000000000000000,0.00000000000000000000,0.00000000000000000000,-100000000000000000000000000000000000000.00000000000000000000,0.00000000000000000000,0.00000000000000000000,0.00000000000000000000
68,0.00000000000000000000,0.00000000000000000000,0.00000000000000000000,0.00000000000000000000,-100000000000000000000000000000000000000.00000000000000000000,0.00000000000000000000,0.00000000000000000000,0.00000000000000000000
69,0.00000000000000000000,0.00000000000000000000,0.00000000000000000000,0.00000000000000000000,-0.00970873786407766900,0.00000000000000000000,0.00000000000000000000,0.00000000000000000000
70,0.00000000000000000000,0.00000000000000000000,0.00000000000000000000,0.00000000000000000000,-100000000000000000000000000000000000000.00000000000000000000,0.00000000000000000000,0.00000000000000000000,0.00000000000000000000
71,0.00980392156862745000,0.50000000000000000000,0.50000000000000000000,0.09853292781642932000,0.00970873786407766600,0.00970873786407766600,1.00487804878048780000,0.00000000000000000000
74,0.00980392156862745000,0.50000000000000000000,0.50000000000000000000,0.09853292781642932000,0.00970873786407766600,0.00970873786407766600,1.00487804878048780000,0.00000000000000000000
4436,0.00000000000000000000,0.00000000000000000000,0.00000000000000000000,0.00000000000000000000,-0.01941747572815533800,0.00000000000000000000,0.00000000000000000000,0.00000000000000000000
4434,0.00000000000000000000,0.00000000000000000000,0.00000000000000000000,0.00000000000000000000,-0.00970873786407766900,0.00000000000000000000,0.00000000000000000000,0.00000000000000000000
4435,0.00000000000000000000,0.00000000000000000000,0.00000000000000000000,0.00000000000000000000,-0.00970873786407766900,0.00000000000000000000,0.00000000000000000000,0.00000000000000000000
156,0.00980392156862745000,0.50000000000000000000,0.50000000000000000000,0.09853292781642932000,0.00970873786407766600,0.00970873786407766600,1.00487804878048780000,0.00000000000000000000
157,0.00980392156862745000,0.50000000000000000000,0.50000000000000000000,0.09853292781642932000,0.00970873786407766600,0.00970873786407766600,1.00487804878048780000,0.00000000000000000000
158,0.00000000000000000000,0.00000000000000000000,0.00000000000000000000,0.00000000000000000000,-100000000000000000000000000000000000000.00000000000000000000,0.00000000000000000000,0.00000000000000000000,0.00000000000000000000
159,0.00980392156862745000,0.50000000000000000000,0.50000000000000000000,0.09853292781642932000,0.00970873786407766600,0.00970873786407766600,1.00487804878048780000,0.00000000000000000000
163,0.00980392156862745000,0.50000000000000000000,0.50000000000000000000,0.09853292781642932000,0.00970873786407766600,0.00970873786407766600,1.00487804878048780000,0.00000000000000000000
162,0.00000000000000000000,0.00000000000000000000,0.00000000000000000000,0.00000000000000000000,-100000000000000000000000000000000000000.00000000000000000000,0.00000000000000000000,0.00000000000000000000,0.00000000000000000000
161,0.00980392156862745000,0.50000000000000000000,0.50000000000000000000,0.09853292781642932000,0.00970873786407766600,0.00970873786407766600,1.00487804878048780000,0.00000000000000000000
160,0.00980392156862745000,0.50000000000000000000,0.50000000000000000000,0.09853292781642932000,0.00970873786407766600,0.00970873786407766600,1.00487804878048780000,0.00000000000000000000
164,0.00000000000000000000,0.00000000000000000000,0.00000000000000000000,0.00000000000000000000,-100000000000000000000000000000000000000.00000000000000000000,0.00000000000000000000,0.00000000000000000000,0.00000000000000000000
190,0.00000000000000000000,0.00000000000000000000,0.00000000000000000000,0.00000000000000000000,-100000000000000000000000000000000000000.00000000000000000000,0.00000000000000000000,0.00000000000000000000,0.00000000000000000000
188,0.00980392156862745000,0.50000000000000000000,0.50000000000000000000,0.09853292781642932000,0.00970873786407766600,0.00970873786407766600,1.00487804878048780000,0.00000000000000000000
189,0.00000000000000000000,0.00000000000000000000,0.00000000000000000000,0.00000000000000000000,-100000000000000000000000000000000000000.00000000000000000000,0.00000000000000000000,0.00000000000000000000,0.00000000000000000000
205,0.00980392156862745000,0.50000000000000000000,0.50000000000000000000,0.09853292781642932000,0.00970873786407766600,0.00970873786407766600,1.00487804878048780000,0.00000000000000000000
204,0.00980392156862745000,0.50000000000000000000,0.50000000000000000000,0.09853292781642932000,0.00970873786407766600,0.00970873786407766600,1.00487804878048780000,0.00000000000000000000
207,0.00000000000000000000,0.00000000000000000000,0.00000000000000000000,0.00000000000000000000,-0.00970873786407766900,0.00000000000000000000,0.00000000000000000000,0.00000000000000000000
4607,0.00000000000000000000,0.00000000000000000000,0.00000000000000000000,0.00000000000000000000,-100000000000000000000000000000000000000.00000000000000000000,0.00000000000000000000,0.00000000000000000000,0.00000000000000000000
206,0.00000000000000000000,0.00000000000000000000,0.00000000000000000000,0.00000000000000000000,-0.00970873786407766900,0.00000000000000000000,0.00000000000000000000,0.00000000000000000000
201,0.00000000000000000000,0.00000000000000000000,0.00000000000000000000,0.00000000000000000000,-100000000000000000000000000000000000000.00000000000000000000,0.00000000000000000000,0.00000000000000000000,0.00000000000000000000
203,0.00980392156862745000,0.50000000000000000000,0.50000000000000000000,0.09853292781642932000,0.00970873786407766600,0.00970873786407766600,1.00487804878048780000,0.00000000000000000000
202,0.00000000000000000000,0.00000000000000000000,0.00000000000000000000,0.00000000000000000000,-100000000000000000000000000000000000000.00000000000000000000,0.00000000000000000000,0.00000000000000000000,0.00000000000000000000
197,0.00000000000000000000,0.00000000000000000000,0.00000000000000000000,0.00000000000000000000,-0.00970873786407766900,0.00000000000000000000,0.00000000000000000000,0.00000000000000000000
196,0.00980392156862745000,0.50000000000000000000,0.50000000000000000000,0.09853292781642932000,0.00970873786407766600,0.00970873786407766600,1.00487804878048780000,0.00000000000000000000
199,0.00000000000000000000,0.00000000000000000000,0.00000000000000000000,0.00000000000000000000,-0.00970873786407766900,0.00000000000000000000,0.00000000000000000000,0.00000000000000000000
193,0.00980392156862745000,0.50000000000000000000,0.50000000000000000000,0.09853292781642932000,0.00970873786407766600,0.00970873786407766600,1.00487804878048780000,0.00000000000000000000
195,0.00980392156862745000,0.50000000000000000000,0.50000000000000000000,0.09853292781642932000,0.00970873786407766600,0.00970873786407766600,1.00487804878048780000,0.00000000000000000000
194,0.00000000000000000000,0.00000000000000000000,0.00000000000000000000,0.00000000000000000000,-100000000000000000000000000000000000000.00000000000000000000,0.00000000000000000000,0.00000000000000000000,0.00000000000000000000
219,0.00000000000000000000,0.00000000000000000000,0.00000000000000000000,0.00000000000000000000,-100000000000000000000000000000000000000.00000000000000000000,0.00000000000000000000,0.00000000000000000000,0.00000000000000000000
212,0.00000000000000000000,0.00000000000000000000,0.00000000000000000000,0.00000000000000000000,-0.00970873786407766900,0.00000000000000000000,0.00000000000000000000,0.00000000000000000000
215,0.00980392156862745000,0.50000000000000000000,0.50000000000000000000,0.09853292781642932000,0.00970873786407766600,0.00970873786407766600,1.00487804878048780000,0.00000000000000000000
209,0.00000000000000000000,0.00000000000000000000,0.00000000000000000000,0.00000000000000000000,-100000000000000000000000000000000000000.00000000000000000000,0.00000000000000000000,0.00000000000000000000,0.00000000000000000000
210,0.00000000000000000000,0.00000000000000000000,0.00000000000000000000,0.00000000000000000000,-0.00970873786407766900,0.00000000000000000000,0.00000000000000000000,0.00000000000000000000
238,0.00980392156862745000,0.50000000000000000000,0.50000000000000000000,0.09853292781642932000,0.00970873786407766600,0.00970873786407766600,1.00487804878048780000,0.00000000000000000000
237,0.00000000000000000000,0.00000000000000000000,0.00000000000000000000,0.00000000000000000000,-100000000000000000000000000000000000000.00000000000000000000,0.00000000000000000000,0.00000000000000000000,0.00000000000000000000
236,0.00000000000000000000,0.00000000000000000000,0.00000000000000000000,0.00000000000000000000,-100000000000000000000000000000000000000.00000000000000000000,0.00000000000000000000,0.00000000000000000000,0.00000000000000000000
234,0.00000000000000000000,0.00000000000000000000,0.00000000000000000000,0.00000000000000000000,-100000000000000000000000000000000000000.00000000000000000000,0.00000000000000000000,0.00000000000000000000,0.00000000000000000000
233,0.00000000000000000000,0.00000000000000000000,0.00000000000000000000,0.00000000000000000000,-100000000000000000000000000000000000000.00000000000000000000,0.00000000000000000000,0.00000000000000000000,0.00000000000000000000
232,0.00980392156862745000,0.50000000000000000000,0.50000000000000000000,0.09853292781642932000,0.00970873786407766600,0.00970873786407766600,1.00487804878048780000,0.00000000000000000000
231,0.00000000000000000000,0.00000000000000000000,0.00000000000000000000,0.00000000000000000000,-100000000000000000000000000000000000000.00000000000000000000,0.00000000000000000000,0.00000000000000000000,0.00000000000000000000
230,0.00000000000000000000,0.00000000000000000000,0.00000000000000000000,0.00000000000000000000,-100000000000000000000000000000000000000.00000000000000000000,0.00000000000000000000,0.00000000000000000000,0.00000000000000000000
228,0.00980392156862745000,0.50000000000000000000,0.50000000000000000000,0.09853292781642932000,0.00970873786407766600,0.00970873786407766600,1.00487804878048780000,0.00000000000000000000
227,0.00980392156862745000,0.50000000000000000000,0.50000000000000000000,0.09853292781642932000,0.00970873786407766600,0.00970873786407766600,1.00487804878048780000,0.00000000000000000000
224,0.00980392156862745000,0.50000000000000000000,0.50000000000000000000,0.09853292781642932000,0.00970873786407766600,0.00970873786407766600,1.00487804878048780000,0.00000000000000000000
254,0.00000000000000000000,0.00000000000000000000,0.00000000000000000000,0.00000000000000000000,-100000000000000000000000000000000000000.00000000000000000000,0.00000000000000000000,0.00000000000000000000,0.00000000000000000000
253,0.00000000000000000000,0.00000000000000000000,0.00000000000000000000,0.00000000000000000000,-100000000000000000000000000000000000000.00000000000000000000,0.00000000000000000000,0.00000000000000000000,0.00000000000000000000
250,0.00000000000000000000,0.00000000000000000000,0.00000000000000000000,0.00000000000000000000,-100000000000000000000000000000000000000.00000000000000000000,0.00000000000000000000,0.00000000000000000000,0.00000000000000000000
251,0.00980392156862745000,0.50000000000000000000,0.50000000000000000000,0.09853292781642932000,0.00970873786407766600,0.00970873786407766600,1.00487804878048780000,0.00000000000000000000
248,0.00000000000000000000,0.00000000000000000000,0.00000000000000000000,0.00000000000000000000,-100000000000000000000000000000000000000.00000000000000000000,0.00000000000000000000,0.00000000000000000000,0.00000000000000000000
246,0.00980392156862745000,0.50000000000000000000,0.50000000000000000000,0.09853292781642932000,0.00970873786407766600,0.00970873786407766600,1.00487804878048780000,0.00000000000000000000
244,0.00000000000000000000,0.00000000000000000000,0.00000000000000000000,0.00000000000000000000,-100000000000000000000000000000000000000.00000000000000000000,0.00000000000000000000,0.00000000000000000000,0.00000000000000000000
245,0.00000000000000000000,0.00000000000000000000,0.00000000000000000000,0.00000000000000000000,-100000000000000000000000000000000000000.00000000000000000000,0.00000000000000000000,0.00000000000000000000,0.00000000000000000000
242,0.00000000000000000000,0.00000000000000000000,0.00000000000000000000,0.00000000000000000000,-100000000000000000000000000000000000000.00000000000000000000,0.00000000000000000000,0.00000000000000000000,0.00000000000000000000
243,0.00000000000000000000,0.00000000000000000000,0.00000000000000000000,0.00000000000000000000,-100000000000000000000000000000000000000.00000000000000000000,0.00000000000000000000,0.00000000000000000000,0.00000000000000000000
241,0.00980392156862745000,0.50000000000000000000,0.50000000000000000000,0.09853292781642932000,0.00970873786407766600,0.00970873786407766600,1.00487804878048780000,0.00000000000000000000
287,0.00000000000000000000,0.00000000000000000000,0.00000000000000000000,0.00000000000000000000,-0.00970873786407766900,0.00000000000000000000,0.00000000000000000000,0.00000000000000000000
286,0.00000000000000000000,0.00000000000000000000,0.00000000000000000000,0.00000000000000000000,-0.00970873786407766900,0.00000000000000000000,0.00000000000000000000,0.00000000000000000000
256,0.00980392156862745000,0.50000000000000000000,0.50000000000000000000,0.09853292781642932000,0.00970873786407766600,0.00970873786407766600,1.00487804878048780000,0.00000000000000000000
262,0.00000000000000000000,0.00000000000000000000,0.00000000000000000000,0.00000000000000000000,-100000000000000000000000000000000000000.00000000000000000000,0.00000000000000000000,0.00000000000000000000,0.00000000000000000000
263,0.00000000000000000000,0.00000000000000000000,0.00000000000000000000,0.00000000000000000000,-100000000000000000000000000000000000000.00000000000000000000,0.00000000000000000000,0.00000000000000000000,0.00000000000000000000
260,0.00000000000000000000,0.00000000000000000000,0.00000000000000000000,0.00000000000000000000,-100000000000000000000000000000000000000.00000000000000000000,0.00000000000000000000,0.00000000000000000000,0.00000000000000000000
266,0.00000000000000000000,0.00000000000000000000,0.00000000000000000000,0.00000000000000000000,-100000000000000000000000000000000000000.00000000000000000000,0.00000000000000000000,0.00000000000000000000,0.00000000000000000000
267,0.00000000000000000000,0.00000000000000000000,0.00000000000000000000,0.00000000000000000000,-100000000000000000000000000000000000000.00000000000000000000,0.00000000000000000000,0.00000000000000000000,0.00000000000000000000
264,0.00000000000000000000,0.00000000000000000000,0.00000000000000000000,0.00000000000000000000,-100000000000000000000000000000000000000.00000000000000000000,0.00000000000000000000,0.00000000000000000000,0.00000000000000000000
265,0.00000000000000000000,0.00000000000000000000,0.00000000000000000000,0.00000000000000000000,-100000000000000000000000000000000000000.00000000000000000000,0.00000000000000000000,0.00000000000000000000,0.00000000000000000000
270,0.00000000000000000000,0.00000000000000000000,0.00000000000000000000,0.00000000000000000000,-100000000000000000000000000000000000000.00000000000000000000,0.00000000000000000000,0.00000000000000000000,0.00000000000000000000
271,0.00000000000000000000,0.00000000000000000000,0.00000000000000000000,0.00000000000000000000,-100000000000000000000000000000000000000.00000000000000000000,0.00000000000000000000,0.00000000000000000000,0.00000000000000000000
268,0.00000000000000000000,0.00000000000000000000,0.00000000000000000000,0.00000000000000000000,-100000000000000000000000000000000000000.00000000000000000000,0.00000000000000000000,0.00000000000000000000,0.00000000000000000000
269,0.00000000000000000000,0.00000000000000000000,0.00000000000000000000,0.00000000000000000000,-100000000000000000000000000000000000000.00000000000000000000,0.00000000000000000000,0.00000000000000000000,0.00000000000000000000
305,0.00000000000000000000,0.00000000000000000000,0.00000000000000000000,0.00000000000000000000,-100000000000000000000000000000000000000.00000000000000000000,0.00000000000000000000,0.00000000000000000000,0.00000000000000000000
304,0.00000000000000000000,0.00000000000000000000,0.00000000000000000000,0.00000000000000000000,-0.00970873786407766900,0.00000000000000000000,0.00000000000000000000,0.00000000000000000000
307,0.00000000000000000000,0.00000000000000000000,0.00000000000000000000,0.00000000000000000000,-100000000000000000000000000000000000000.00000000000000000000,0.00000000000000000000,0.00000000000000000000,0.00000000000000000000
308,0.00000000000000000000,0.00000000000000000000,0.00000000000000000000,0.00000000000000000000,-0.00970873786407766900,0.00000000000000000000,0.00000000000000000000,0.00000000000000000000
311,0.00980392156862745000,0.50000000000000000000,0.50000000000000000000,0.09853292781642932000,0.00970873786407766600,0.00970873786407766600,1.00487804878048780000,0.00000000000000000000
313,0.00980392156862745000,0.50000000000000000000,0.50000000000000000000,0.09853292781642932000,0.00970873786407766600,0.00970873786407766600,1.00487804878048780000,0.00000000000000000000
312,0.00000000000000000000,0.00000000000000000000,0.00000000000000000000,0.00000000000000000000,-100000000000000000000000000000000000000.00000000000000000000,0.00000000000000000000,0.00000000000000000000,0.00000000000000000000
314,0.00980392156862745000,0.50000000000000000000,0.50000000000000000000,0.09853292781642932000,0.00970873786407766600,0.00970873786407766600,1.00487804878048780000,0.00000000000000000000
319,0.00000000000000000000,0.00000000000000000000,0.00000000000000000000,0.00000000000000000000,-100000000000000000000000000000000000000.00000000000000000000,0.00000000000000000000,0.00000000000000000000,0.00000000000000000000
318,0.00980392156862745000,0.50000000000000000000,0.50000000000000000000,0.09853292781642932000,0.00970873786407766600,0.00970873786407766600,1.00487804878048780000,0.00000000000000000000
290,0.00000000000000000000,0.00000000000000000000,0.00000000000000000000,0.00000000000000000000,-0.00970873786407766900,0.00000000000000000000,0.00000000000000000000,0.00000000000000000000
291,0.00980392156862745000,0.50000000000000000000,0.50000000000000000000,0.09853292781642932000,0.00970873786407766600,0.00970873786407766600,1.00487804878048780000,0.00000000000000000000
293,0.00980392156862745000,0.50000000000000000000,0.50000000000000000000,0.09853292781642932000,0.00970873786407766600,0.00970873786407766600,1.00487804878048780000,0.00000000000000000000
294,0.00000000000000000000,0.00000000000000000000,0.00000000000000000000,0.00000000000000000000,-0.00970873786407766900,0.00000000000000000000,0.00000000000000000000,0.00000000000000000000
295,0.00000000000000000000,0.00000000000000000000,0.00000000000000000000,0.00000000000000000000,-0.00970873786407766900,0.00000000000000000000,0.00000000000000000000,0.00000000000000000000
296,0.00000000000000000000,0.00000000000000000000,0.00000000000000000000,0.00000000000000000000,-100000000000000000000000000000000000000.00000000000000000000,0.00000000000000000000,0.00000000000000000000,0.00000000000000000000
297,0.00000000000000000000,0.00000000000000000000,0.00000000000000000000,0.00000000000000000000,-0.00970873786407766900,0.00000000000000000000,0.00000000000000000000,0.00000000000000000000
298,0.00000000000000000000,0.00000000000000000000,0.00000000000000000000,0.00000000000000000000,-0.00970873786407766900,0.00000000000000000000,0.00000000000000000000,0.00000000000000000000
299,0.00000000000000000000,0.00000000000000000000,0.00000000000000000000,0.00000000000000000000,-100000000000000000000000000000000000000.00000000000000000000,0.00000000000000000000,0.00000000000000000000,0.00000000000000000000
300,0.00000000000000000000,0.00000000000000000000,0.00000000000000000000,0.00000000000000000000,-100000000000000000000000000000000000000.00000000000000000000,0.00000000000000000000,0.00000000000000000000,0.00000000000000000000
301,0.00000000000000000000,0.00000000000000000000,0.00000000000000000000,0.00000000000000000000,-100000000000000000000000000000000000000.00000000000000000000,0.00000000000000000000,0.00000000000000000000,0.00000000000000000000
302,0.00000000000000000000,0.00000000000000000000,0.00000000000000000000,0.00000000000000000000,-100000000000000000000000000000000000000.00000000000000000000,0.00000000000000000000,0.00000000000000000000,0.00000000000000000000
303,0.00000000000000000000,0.00000000000000000000,0.00000000000000000000,0.00000000000000000000,-100000000000000000000000000000000000000.00000000000000000000,0.00000000000000000000,0.00000000000000000000,0.00000000000000000000
336,0.00000000000000000000,0.00000000000000000000,0.00000000000000000000,0.00000000000000000000,-100000000000000000000000000000000000000.00000000000000000000,0.00000000000000000000,0.00000000000000000000,0.00000000000000000000
4207,0.00000000000000000000,0.00000000000000000000,0.00000000000000000000,0.00000000000000000000,-0.00970873786407766900,0.00000000000000000000,0.00000000000000000000,0.00000000000000000000
4206,0.00000000000000000000,0.00000000000000000000,0.00000000000000000000,0.00000000000000000000,-0.15533980582524270000,0.00000000000000000000,0.00000000000000000000,0.00000000000000000000
4205,0.00000000000000000000,0.00000000000000000000,0.00000000000000000000,0.00000000000000000000,-100000000000000000000000000000000000000.00000000000000000000,0.00000000000000000000,0.00000000000000000000,0.00000000000000000000
4204,0.00000000000000000000,0.00000000000000000000,0.00000000000000000000,0.00000000000000000000,-0.15533980582524270000,0.00000000000000000000,0.00000000000000000000,0.00000000000000000000
4203,0.00000000000000000000,0.00000000000000000000,0.00000000000000000000,0.00000000000000000000,-0.00970873786407766900,0.00000000000000000000,0.00000000000000000000,0.00000000000000000000
4214,0.00000000000000000000,0.00000000000000000000,0.00000000000000000000,0.00000000000000000000,-100000000000000000000000000000000000000.00000000000000000000,0.00000000000000000000,0.00000000000000000000,0.00000000000000000000
4213,0.00000000000000000000,0.00000000000000000000,0.00000000000000000000,0.00000000000000000000,-0.00970873786407766900,0.00000000000000000000,0.00000000000000000000,0.00000000000000000000
4210,0.00000000000000000000,0.00000000000000000000,0.00000000000000000000,0.00000000000000000000,-100000000000000000000000000000000000000.00000000000000000000,0.00000000000000000000,0.00000000000000000000,0.00000000000000000000
4211,0.00000000000000000000,0.00000000000000000000,0.00000000000000000000,0.00000000000000000000,-100000000000000000000000000000000000000.00000000000000000000,0.00000000000000000000,0.00000000000000000000,0.00000000000000000000
4208,0.00000000000000000000,0.00000000000000000000,0.00000000000000000000,0.00000000000000000000,-100000000000000000000000000000000000000.00000000000000000000,0.00000000000000000000,0.00000000000000000000,0.00000000000000000000
320,0.00000000000000000000,0.00000000000000000000,0.00000000000000000000,0.00000000000000000000,-100000000000000000000000000000000000000.00000000000000000000,0.00000000000000000000,0.00000000000000000000,0.00000000000000000000
4209,0.00000000000000000000,0.00000000000000000000,0.00000000000000000000,0.00000000000000000000,-100000000000000000000000000000000000000.00000000000000000000,0.00000000000000000000,0.00000000000000000000,0.00000000000000000000
335,0.00980392156862745000,0.50000000000000000000,0.50000000000000000000,0.09853292781642932000,0.00970873786407766600,0.00970873786407766600,1.00487804878048780000,0.00000000000000000000
4217,0.00000000000000000000,0.00000000000000000000,0.00000000000000000000,0.00000000000000000000,-0.03883495145631067600,0.00000000000000000000,0.00000000000000000000,0.00000000000000000000
375,0.00000000000000000000,0.00000000000000000000,0.00000000000000000000,0.00000000000000000000,-100000000000000000000000000000000000000.00000000000000000000,0.00000000000000000000,0.00000000000000000000,0.00000000000000000000
410,0.00980392156862745000,0.50000000000000000000,0.50000000000000000000,0.09853292781642932000,0.00970873786407766600,0.00970873786407766600,1.00487804878048780000,0.00000000000000000000
411,0.00000000000000000000,0.00000000000000000000,0.00000000000000000000,0.00000000000000000000,-100000000000000000000000000000000000000.00000000000000000000,0.00000000000000000000,0.00000000000000000000,0.00000000000000000000
409,0.00980392156862745000,0.50000000000000000000,0.50000000000000000000,0.09853292781642932000,0.00970873786407766600,0.00970873786407766600,1.00487804878048780000,0.00000000000000000000
414,0.00000000000000000000,0.00000000000000000000,0.00000000000000000000,0.00000000000000000000,-100000000000000000000000000000000000000.00000000000000000000,0.00000000000000000000,0.00000000000000000000,0.00000000000000000000
415,0.00000000000000000000,0.00000000000000000000,0.00000000000000000000,0.00000000000000000000,-100000000000000000000000000000000000000.00000000000000000000,0.00000000000000000000,0.00000000000000000000,0.00000000000000000000
413,0.00980392156862745000,0.50000000000000000000,0.50000000000000000000,0.09853292781642932000,0.00970873786407766600,0.00970873786407766600,1.00487804878048780000,0.00000000000000000000
402,0.00000000000000000000,0.00000000000000000000,0.00000000000000000000,0.00000000000000000000,-100000000000000000000000000000000000000.00000000000000000000,0.00000000000000000000,0.00000000000000000000,0.00000000000000000000
403,0.00000000000000000000,0.00000000000000000000,0.00000000000000000000,0.00000000000000000000,-100000000000000000000000000000000000000.00000000000000000000,0.00000000000000000000,0.00000000000000000000,0.00000000000000000000
400,0.00000000000000000000,0.00000000000000000000,0.00000000000000000000,0.00000000000000000000,-100000000000000000000000000000000000000.00000000000000000000,0.00000000000000000000,0.00000000000000000000,0.00000000000000000000
401,0.00980392156862745000,0.50000000000000000000,0.50000000000000000000,0.09853292781642932000,0.00970873786407766600,0.00970873786407766600,1.00487804878048780000,0.00000000000000000000
404,0.00000000000000000000,0.00000000000000000000,0.00000000000000000000,0.00000000000000000000,-100000000000000000000000000000000000000.00000000000000000000,0.00000000000000000000,0.00000000000000000000,0.00000000000000000000
405,0.00000000000000000000,0.00000000000000000000,0.00000000000000000000,0.00000000000000000000,-100000000000000000000000000000000000000.00000000000000000000,0.00000000000000000000,0.00000000000000000000,0.00000000000000000000
395,0.00000000000000000000,0.00000000000000000000,0.00000000000000000000,0.00000000000000000000,-100000000000000000000000000000000000000.00000000000000000000,0.00000000000000000000,0.00000000000000000000,0.00000000000000000000
398,0.00000000000000000000,0.00000000000000000000,0.00000000000000000000,0.00000000000000000000,-100000000000000000000000000000000000000.00000000000000000000,0.00000000000000000000,0.00000000000000000000,0.00000000000000000000
397,0.00000000000000000000,0.00000000000000000000,0.00000000000000000000,0.00000000000000000000,-100000000000000000000000000000000000000.00000000000000000000,0.00000000000000000000,0.00000000000000000000,0.00000000000000000000
396,0.00980392156862745000,0.50000000000000000000,0.50000000000000000000,0.09853292781642932000,0.00970873786407766600,0.00970873786407766600,1.00487804878048780000,0.00000000000000000000
440,0.00980392156862745000,0.50000000000000000000,0.50000000000000000000,0.09853292781642932000,0.00970873786407766600,0.00970873786407766600,1.00487804878048780000,0.00000000000000000000
444,0.00980392156862745000,0.50000000000000000000,0.50000000000000000000,0.09853292781642932000,0.00970873786407766600,0.00970873786407766600,1.00487804878048780000,0.00000000000000000000
446,0.00000000000000000000,0.00000000000000000000,0.00000000000000000000,0.00000000000000000000,-100000000000000000000000000000000000000.00000000000000000000,0.00000000000000000000,0.00000000000000000000,0.00000000000000000000
447,0.00980392156862745000,0.50000000000000000000,0.50000000000000000000,0.09853292781642932000,0.00970873786407766600,0.00970873786407766600,1.00487804878048780000,0.00000000000000000000
435,0.00000000000000000000,0.00000000000000000000,0.00000000000000000000,0.00000000000000000000,-100000000000000000000000000000000000000.00000000000000000000,0.00000000000000000000,0.00000000000000000000,0.00000000000000000000
436,0.00980392156862745000,0.50000000000000000000,0.50000000000000000000,0.09853292781642932000,0.00970873786407766600,0.00970873786407766600,1.00487804878048780000,0.00000000000000000000
437,0.00000000000000000000,0.00000000000000000000,0.00000000000000000000,0.00000000000000000000,-100000000000000000000000000000000000000.00000000000000000000,0.00000000000000000000,0.00000000000000000000,0.00000000000000000000
438,0.00000000000000000000,0.00000000000000000000,0.00000000000000000000,0.00000000000000000000,-100000000000000000000000000000000000000.00000000000000000000,0.00000000000000000000,0.00000000000000000000,0.00000000000000000000
439,0.00980392156862745000,0.50000000000000000000,0.50000000000000000000,0.09853292781642932000,0.00970873786407766600,0.00970873786407766600,1.00487804878048780000,0.00000000000000000000
425,0.00000000000000000000,0.00000000000000000000,0.00000000000000000000,0.00000000000000000000,-100000000000000000000000000000000000000.00000000000000000000,0.00000000000000000000,0.00000000000000000000,0.00000000000000000000
424,0.00980392156862745000,0.50000000000000000000,0.50000000000000000000,0.09853292781642932000,0.00970873786407766600,0.00970873786407766600,1.00487804878048780000,0.00000000000000000000
428,0.00980392156862745000,0.50000000000000000000,0.50000000000000000000,0.09853292781642932000,0.00970873786407766600,0.00970873786407766600,1.00487804878048780000,0.00000000000000000000
431,0.00980392156862745000,0.50000000000000000000,0.50000000000000000000,0.09853292781642932000,0.00970873786407766600,0.00970873786407766600,1.00487804878048780000,0.00000000000000000000
430,0.00980392156862745000,0.50000000000000000000,0.50000000000000000000,0.09853292781642932000,0.00970873786407766600,0.00970873786407766600,1.00487804878048780000,0.00000000000000000000
417,0.00000000000000000000,0.00000000000000000000,0.00000000000000000000,0.00000000000000000000,-100000000000000000000000000000000000000.00000000000000000000,0.00000000000000000000,0.00000000000000000000,0.00000000000000000000
416,0.00000000000000000000,0.00000000000000000000,0.00000000000000000000,0.00000000000000000000,-100000000000000000000000000000000000000.00000000000000000000,0.00000000000000000000,0.00000000000000000000,0.00000000000000000000
419,0.00000000000000000000,0.00000000000000000000,0.00000000000000000000,0.00000000000000000000,-100000000000000000000000000000000000000.00000000000000000000,0.00000000000000000000,0.00000000000000000000,0.00000000000000000000
418,0.00000000000000000000,0.00000000000000000000,0.00000000000000000000,0.00000000000000000000,-100000000000000000000000000000000000000.00000000000000000000,0.00000000000000000000,0.00000000000000000000,0.00000000000000000000
421,0.00980392156862745000,0.50000000000000000000,0.50000000000000000000,0.09853292781642932000,0.00970873786407766600,0.00970873786407766600,1.00487804878048780000,0.00000000000000000000
420,0.00000000000000000000,0.00000000000000000000,0.00000000000000000000,0.00000000000000000000,-100000000000000000000000000000000000000.00000000000000000000,0.00000000000000000000,0.00000000000000000000,0.00000000000000000000
422,0.00000000000000000000,0.00000000000000000000,0.00000000000000000000,0.00000000000000000000,-100000000000000000000000000000000000000.00000000000000000000,0.00000000000000000000,0.00000000000000000000,0.00000000000000000000
478,0.00980392156862745000,0.50000000000000000000,0.50000000000000000000,0.09853292781642932000,0.00970873786407766600,0.00970873786407766600,1.00487804878048780000,0.00000000000000000000
4334,0.00000000000000000000,0.00000000000000000000,0.00000000000000000000,0.00000000000000000000,-0.01941747572815533800,0.00000000000000000000,0.00000000000000000000,0.00000000000000000000
479,0.00000000000000000000,0.00000000000000000000,0.00000000000000000000,0.00000000000000000000,-100000000000000000000000000000000000000.00000000000000000000,0.00000000000000000000,0.00000000000000000000,0.00000000000000000000
4335,0.00000000000000000000,0.00000000000000000000,0.00000000000000000000,0.00000000000000000000,-0.00970873786407766900,0.00000000000000000000,0.00000000000000000000,0.00000000000000000000
477,0.00000000000000000000,0.00000000000000000000,0.00000000000000000000,0.00000000000000000000,-100000000000000000000000000000000000000.00000000000000000000,0.00000000000000000000,0.00000000000000000000,0.00000000000000000000
4324,0.00000000000000000000,0.00000000000000000000,0.00000000000000000000,0.00000000000000000000,-100000000000000000000000000000000000000.00000000000000000000,0.00000000000000000000,0.00000000000000000000,0.00000000000000000000
4322,0.01694915254237288000,0.63354037267080740000,0.63354037267080740000,0.12909944487358055000,0.42718446601941750000,0.01666666666666672000,1.00840336134453780000,6.55743852430200000000
4323,0.01111111111111111200,0.53125000000000000000,0.53125000000000000000,0.10482848367219183000,0.12621359223300976000,0.01098901098901095000,1.00552486187845310000,3.46410161513775440000
4321,0.14285714285714285000,0.93577981651376150000,0.93577981651376150000,0.35355339059327373000,0.93203883495145630000,0.12500000000000000000,1.06666666666666670000,9.74679434480896300000
463,0.00000000000000000000,0.00000000000000000000,0.00000000000000000000,0.00000000000000000000,-100000000000000000000000000000000000000.00000000000000000000,0.00000000000000000000,0.00000000000000000000,0.00000000000000000000
462,0.00000000000000000000,0.00000000000000000000,0.00000000000000000000,0.00000000000000000000,-100000000000000000000000000000000000000.00000000000000000000,0.00000000000000000000,0.00000000000000000000,0.00000000000000000000
457,0.00980392156862745000,0.50000000000000000000,0.50000000000000000000,0.09853292781642932000,0.00970873786407766600,0.00970873786407766600,1.00487804878048780000,0.00000000000000000000
455,0.00980392156862745000,0.50000000000000000000,0.50000000000000000000,0.09853292781642932000,0.00970873786407766600,0.00970873786407766600,1.00487804878048780000,0.00000000000000000000
454,0.00000000000000000000,0.00000000000000000000,0.00000000000000000000,0.00000000000000000000,-100000000000000000000000000000000000000.00000000000000000000,0.00000000000000000000,0.00000000000000000000,0.00000000000000000000
451,0.00000000000000000000,0.00000000000000000000,0.00000000000000000000,0.00000000000000000000,-0.00970873786407766900,0.00000000000000000000,0.00000000000000000000,0.00000000000000000000
449,0.00990099009900990100,0.50246305418719210000,0.50246305418719210000,0.09901475429766744000,0.01941747572815533000,0.00980392156862741600,1.00492610837438430000,1.00000000000000000000
448,0.00980392156862745000,0.50000000000000000000,0.50000000000000000000,0.09853292781642932000,0.00970873786407766600,0.00970873786407766600,1.00487804878048780000,0.00000000000000000000
508,0.00980392156862745000,0.50000000000000000000,0.50000000000000000000,0.09853292781642932000,0.00970873786407766600,0.00970873786407766600,1.00487804878048780000,0.00000000000000000000
509,0.00980392156862745000,0.50000000000000000000,0.50000000000000000000,0.09853292781642932000,0.00970873786407766600,0.00970873786407766600,1.00487804878048780000,0.00000000000000000000
4301,0.02941176470588235300,0.75000000000000000000,0.75000000000000000000,0.16903085094570330000,0.66990291262135910000,0.02857142857142858000,1.01449275362318850000,8.24621125123532100000
510,0.00980392156862745000,0.50000000000000000000,0.50000000000000000000,0.09853292781642932000,0.00970873786407766600,0.00970873786407766600,1.00487804878048780000,0.00000000000000000000
4302,0.00000000000000000000,0.00000000000000000000,0.00000000000000000000,0.00000000000000000000,-100000000000000000000000000000000000000.00000000000000000000,0.00000000000000000000,0.00000000000000000000,0.00000000000000000000
511,0.00980392156862745000,0.50000000000000000000,0.50000000000000000000,0.09853292781642932000,0.00970873786407766600,0.00970873786407766600,1.00487804878048780000,0.00000000000000000000
4303,0.02941176470588235300,0.75000000000000000000,0.75000000000000000000,0.16903085094570330000,0.66990291262135910000,0.02857142857142858000,1.01449275362318850000,8.24621125123532100000
506,0.00000000000000000000,0.00000000000000000000,0.00000000000000000000,0.00000000000000000000,-100000000000000000000000000000000000000.00000000000000000000,0.00000000000000000000,0.00000000000000000000,0.00000000000000000000
4298,0.00980392156862745000,0.50000000000000000000,0.50000000000000000000,0.09853292781642932000,0.00970873786407766600,0.00970873786407766600,1.00487804878048780000,0.00000000000000000000
507,0.00980392156862745000,0.50000000000000000000,0.50000000000000000000,0.09853292781642932000,0.00970873786407766600,0.00970873786407766600,1.00487804878048780000,0.00000000000000000000
4299,0.02941176470588235300,0.75000000000000000000,0.75000000000000000000,0.16903085094570330000,0.66990291262135910000,0.02857142857142858000,1.01449275362318850000,8.24621125123532100000
4317,0.00000000000000000000,0.00000000000000000000,0.00000000000000000000,0.00000000000000000000,-0.05825242718446602000,0.00000000000000000000,0.00000000000000000000,0.00000000000000000000
4316,0.00000000000000000000,0.00000000000000000000,0.00000000000000000000,0.00000000000000000000,-0.00970873786407766900,0.00000000000000000000,0.00000000000000000000,0.00000000000000000000
4319,0.00000000000000000000,0.00000000000000000000,0.00000000000000000000,0.00000000000000000000,-0.01941747572815533800,0.00000000000000000000,0.00000000000000000000,0.00000000000000000000
4318,0.00000000000000000000,0.00000000000000000000,0.00000000000000000000,0.00000000000000000000,-0.05825242718446602000,0.00000000000000000000,0.00000000000000000000,0.00000000000000000000
4313,0.00000000000000000000,0.00000000000000000000,0.00000000000000000000,0.00000000000000000000,-0.03883495145631067600,0.00000000000000000000,0.00000000000000000000,0.00000000000000000000
4312,0.03125000000000000000,0.76119402985074620000,0.76119402985074620000,0.17407765595569785000,0.68932038834951460000,0.03030303030303027600,1.01538461538461530000,8.36660026534075600000
4315,0.00000000000000000000,0.00000000000000000000,0.00000000000000000000,0.00000000000000000000,-0.05825242718446602000,0.00000000000000000000,0.00000000000000000000,0.00000000000000000000
4314,0.00000000000000000000,0.00000000000000000000,0.00000000000000000000,0.00000000000000000000,-0.05825242718446602000,0.00000000000000000000,0.00000000000000000000,0.00000000000000000000
485,0.00000000000000000000,0.00000000000000000000,0.00000000000000000000,0.00000000000000000000,-100000000000000000000000000000000000000.00000000000000000000,0.00000000000000000000,0.00000000000000000000,0.00000000000000000000
4309,0.00000000000000000000,0.00000000000000000000,0.00000000000000000000,0.00000000000000000000,-100000000000000000000000000000000000000.00000000000000000000,0.00000000000000000000,0.00000000000000000000,0.00000000000000000000
484,0.00980392156862745000,0.50000000000000000000,0.50000000000000000000,0.09853292781642932000,0.00970873786407766600,0.00970873786407766600,1.00487804878048780000,0.00000000000000000000
4308,0.02941176470588235300,0.75000000000000000000,0.75000000000000000000,0.16903085094570330000,0.66990291262135910000,0.02857142857142858000,1.01449275362318850000,8.24621125123532100000
4311,0.33333333333333330000,0.97142857142857150000,0.97142857142857150000,0.50000000000000000000,0.97087378640776700000,0.25000000000000000000,1.14285714285714280000,9.94987437106620000000
4305,0.00000000000000000000,0.00000000000000000000,0.00000000000000000000,0.00000000000000000000,-100000000000000000000000000000000000000.00000000000000000000,0.00000000000000000000,0.00000000000000000000,0.00000000000000000000
480,0.00980392156862745000,0.50000000000000000000,0.50000000000000000000,0.09853292781642932000,0.00970873786407766600,0.00970873786407766600,1.00487804878048780000,0.00000000000000000000
4304,0.02941176470588235300,0.75000000000000000000,0.75000000000000000000,0.16903085094570330000,0.66990291262135910000,0.02857142857142858000,1.01449275362318850000,8.24621125123532100000
483,0.00000000000000000000,0.00000000000000000000,0.00000000000000000000,0.00000000000000000000,-100000000000000000000000000000000000000.00000000000000000000,0.00000000000000000000,0.00000000000000000000,0.00000000000000000000
4307,0.02941176470588235300,0.75000000000000000000,0.75000000000000000000,0.16903085094570330000,0.66990291262135910000,0.02857142857142858000,1.01449275362318850000,8.24621125123532100000
482,0.00980392156862745000,0.50000000000000000000,0.50000000000000000000,0.09853292781642932000,0.00970873786407766600,0.00970873786407766600,1.00487804878048780000,0.00000000000000000000
4306,0.00000000000000000000,0.00000000000000000000,0.00000000000000000000,0.00000000000000000000,-100000000000000000000000000000000000000.00000000000000000000,0.00000000000000000000,0.00000000000000000000,0.00000000000000000000
551,0.00000000000000000000,0.00000000000000000000,0.00000000000000000000,0.00000000000000000000,-100000000000000000000000000000000000000.00000000000000000000,0.00000000000000000000,0.00000000000000000000,0.00000000000000000000
548,0.00980392156862745000,0.50000000000000000000,0.50000000000000000000,0.09853292781642932000,0.00970873786407766600,0.00970873786407766600,1.00487804878048780000,0.00000000000000000000
549,0.00980392156862745000,0.50000000000000000000,0.50000000000000000000,0.09853292781642932000,0.00970873786407766600,0.00970873786407766600,1.00487804878048780000,0.00000000000000000000
544,0.00000000000000000000,0.00000000000000000000,0.00000000000000000000,0.00000000000000000000,-0.00970873786407766900,0.00000000000000000000,0.00000000000000000000,0.00000000000000000000
559,0.00980392156862745000,0.50000000000000000000,0.50000000000000000000,0.09853292781642932000,0.00970873786407766600,0.00970873786407766600,1.00487804878048780000,0.00000000000000000000
557,0.00000000000000000000,0.00000000000000000000,0.00000000000000000000,0.00000000000000000000,-100000000000000000000000000000000000000.00000000000000000000,0.00000000000000000000,0.00000000000000000000,0.00000000000000000000
567,0.00000000000000000000,0.00000000000000000000,0.00000000000000000000,0.00000000000000000000,-100000000000000000000000000000000000000.00000000000000000000,0.00000000000000000000,0.00000000000000000000,0.00000000000000000000
566,0.00000000000000000000,0.00000000000000000000,0.00000000000000000000,0.00000000000000000000,-100000000000000000000000000000000000000.00000000000000000000,0.00000000000000000000,0.00000000000000000000,0.00000000000000000000
565,0.00980392156862745000,0.50000000000000000000,0.50000000000000000000,0.09853292781642932000,0.00970873786407766600,0.00970873786407766600,1.00487804878048780000,0.00000000000000000000
564,0.00980392156862745000,0.50000000000000000000,0.50000000000000000000,0.09853292781642932000,0.00970873786407766600,0.00970873786407766600,1.00487804878048780000,0.00000000000000000000
563,0.00980392156862745000,0.50000000000000000000,0.50000000000000000000,0.09853292781642932000,0.00970873786407766600,0.00970873786407766600,1.00487804878048780000,0.00000000000000000000
562,0.00980392156862745000,0.50000000000000000000,0.50000000000000000000,0.09853292781642932000,0.00970873786407766600,0.00970873786407766600,1.00487804878048780000,0.00000000000000000000
561,0.00000000000000000000,0.00000000000000000000,0.00000000000000000000,0.00000000000000000000,-100000000000000000000000000000000000000.00000000000000000000,0.00000000000000000000,0.00000000000000000000,0.00000000000000000000
560,0.00980392156862745000,0.50000000000000000000,0.50000000000000000000,0.09853292781642932000,0.00970873786407766600,0.00970873786407766600,1.00487804878048780000,0.00000000000000000000
575,0.00000000000000000000,0.00000000000000000000,0.00000000000000000000,0.00000000000000000000,-100000000000000000000000000000000000000.00000000000000000000,0.00000000000000000000,0.00000000000000000000,0.00000000000000000000
574,0.00980392156862745000,0.50000000000000000000,0.50000000000000000000,0.09853292781642932000,0.00970873786407766600,0.00970873786407766600,1.00487804878048780000,0.00000000000000000000
573,0.00980392156862745000,0.50000000000000000000,0.50000000000000000000,0.09853292781642932000,0.00970873786407766600,0.00970873786407766600,1.00487804878048780000,0.00000000000000000000
572,0.00000000000000000000,0.00000000000000000000,0.00000000000000000000,0.00000000000000000000,-100000000000000000000000000000000000000.00000000000000000000,0.00000000000000000000,0.00000000000000000000,0.00000000000000000000
571,0.00000000000000000000,0.00000000000000000000,0.00000000000000000000,0.00000000000000000000,-100000000000000000000000000000000000000.00000000000000000000,0.00000000000000000000,0.00000000000000000000,0.00000000000000000000
570,0.00980392156862745000,0.50000000000000000000,0.50000000000000000000,0.09853292781642932000,0.00970873786407766600,0.00970873786407766600,1.00487804878048780000,0.00000000000000000000
569,0.00000000000000000000,0.00000000000000000000,0.00000000000000000000,0.00000000000000000000,-100000000000000000000000000000000000000.00000000000000000000,0.00000000000000000000,0.00000000000000000000,0.00000000000000000000
518,0.00000000000000000000,0.00000000000000000000,0.00000000000000000000,0.00000000000000000000,-100000000000000000000000000000000000000.00000000000000000000,0.00000000000000000000,0.00000000000000000000,0.00000000000000000000
519,0.00980392156862745000,0.50000000000000000000,0.50000000000000000000,0.09853292781642932000,0.00970873786407766600,0.00970873786407766600,1.00487804878048780000,0.00000000000000000000
512,0.00980392156862745000,0.50000000000000000000,0.50000000000000000000,0.09853292781642932000,0.00970873786407766600,0.00970873786407766600,1.00487804878048780000,0.00000000000000000000
513,0.00000000000000000000,0.00000000000000000000,0.00000000000000000000,0.00000000000000000000,-100000000000000000000000000000000000000.00000000000000000000,0.00000000000000000000,0.00000000000000000000,0.00000000000000000000
514,0.00000000000000000000,0.00000000000000000000,0.00000000000000000000,0.00000000000000000000,-100000000000000000000000000000000000000.00000000000000000000,0.00000000000000000000,0.00000000000000000000,0.00000000000000000000
4915,0.00000000000000000000,0.00000000000000000000,0.00000000000000000000,0.00000000000000000000,-0.00970873786407766900,0.00000000000000000000,0.00000000000000000000,0.00000000000000000000
533,0.00980392156862745000,0.50000000000000000000,0.50000000000000000000,0.09853292781642932000,0.00970873786407766600,0.00970873786407766600,1.00487804878048780000,0.00000000000000000000
532,0.00980392156862745000,0.50000000000000000000,0.50000000000000000000,0.09853292781642932000,0.00970873786407766600,0.00970873786407766600,1.00487804878048780000,0.00000000000000000000
535,0.00000000000000000000,0.00000000000000000000,0.00000000000000000000,0.00000000000000000000,-100000000000000000000000000000000000000.00000000000000000000,0.00000000000000000000,0.00000000000000000000,0.00000000000000000000
531,0.00980392156862745000,0.50000000000000000000,0.50000000000000000000,0.09853292781642932000,0.00970873786407766600,0.00970873786407766600,1.00487804878048780000,0.00000000000000000000
541,0.00980392156862745000,0.50000000000000000000,0.50000000000000000000,0.09853292781642932000,0.00970873786407766600,0.00970873786407766600,1.00487804878048780000,0.00000000000000000000
540,0.00000000000000000000,0.00000000000000000000,0.00000000000000000000,0.00000000000000000000,-100000000000000000000000000000000000000.00000000000000000000,0.00000000000000000000,0.00000000000000000000,0.00000000000000000000
542,0.00000000000000000000,0.00000000000000000000,0.00000000000000000000,0.00000000000000000000,-0.00970873786407766900,0.00000000000000000000,0.00000000000000000000,0.00000000000000000000
537,0.00980392156862745000,0.50000000000000000000,0.50000000000000000000,0.09853292781642932000,0.00970873786407766600,0.00970873786407766600,1.00487804878048780000,0.00000000000000000000
539,0.00000000000000000000,0.00000000000000000000,0.00000000000000000000,0.00000000000000000000,-100000000000000000000000000000000000000.00000000000000000000,0.00000000000000000000,0.00000000000000000000,0.00000000000000000000
538,0.00000000000000000000,0.00000000000000000000,0.00000000000000000000,0.00000000000000000000,-0.00970873786407766900,0.00000000000000000000,0.00000000000000000000,0.00000000000000000000
610,0.00980392156862745000,0.50000000000000000000,0.50000000000000000000,0.09853292781642932000,0.00970873786407766600,0.00970873786407766600,1.00487804878048780000,0.00000000000000000000
608,0.02702702702702703000,0.73381294964028780000,0.73381294964028780000,0.16222142113076254000,0.64077669902912620000,0.02631578947368418000,1.01333333333333340000,8.06225774829855000000
609,0.00980392156862745000,0.50000000000000000000,0.50000000000000000000,0.09853292781642932000,0.00970873786407766600,0.00970873786407766600,1.00487804878048780000,0.00000000000000000000
614,0.00000000000000000000,0.00000000000000000000,0.00000000000000000000,0.00000000000000000000,-100000000000000000000000000000000000000.00000000000000000000,0.00000000000000000000,0.00000000000000000000,0.00000000000000000000
612,0.00000000000000000000,0.00000000000000000000,0.00000000000000000000,0.00000000000000000000,-100000000000000000000000000000000000000.00000000000000000000,0.00000000000000000000,0.00000000000000000000,0.00000000000000000000
619,0.01052631578947368400,0.51776649746192890000,0.51776649746192890000,0.10206207261596577000,0.07766990291262132000,0.01041666666666663000,1.00523560209424080000,2.64575131106459070000
4955,0.00000000000000000000,0.00000000000000000000,0.00000000000000000000,0.00000000000000000000,-0.00970873786407766900,0.00000000000000000000,0.00000000000000000000,0.00000000000000000000
616,0.00000000000000000000,0.00000000000000000000,0.00000000000000000000,0.00000000000000000000,-100000000000000000000000000000000000000.00000000000000000000,0.00000000000000000000,0.00000000000000000000,0.00000000000000000000
617,0.00980392156862745000,0.50000000000000000000,0.50000000000000000000,0.09853292781642932000,0.00970873786407766600,0.00970873786407766600,1.00487804878048780000,0.00000000000000000000
4958,0.00000000000000000000,0.00000000000000000000,0.00000000000000000000,0.00000000000000000000,-100000000000000000000000000000000000000.00000000000000000000,0.00000000000000000000,0.00000000000000000000,0.00000000000000000000
623,0.00000000000000000000,0.00000000000000000000,0.00000000000000000000,0.00000000000000000000,-0.00970873786407766900,0.00000000000000000000,0.00000000000000000000,0.00000000000000000000
620,0.00980392156862745000,0.50000000000000000000,0.50000000000000000000,0.09853292781642932000,0.00970873786407766600,0.00970873786407766600,1.00487804878048780000,0.00000000000000000000
4956,0.00000000000000000000,0.00000000000000000000,0.00000000000000000000,0.00000000000000000000,-100000000000000000000000000000000000000.00000000000000000000,0.00000000000000000000,0.00000000000000000000,0.00000000000000000000
621,0.01333333333333333400,0.57627118644067800000,0.57627118644067800000,0.11470786693528087000,0.27184466019417475000,0.01315789473684214600,1.00662251655629140000,5.19615242270663200000
4957,0.00000000000000000000,0.00000000000000000000,0.00000000000000000000,0.00000000000000000000,-100000000000000000000000000000000000000.00000000000000000000,0.00000000000000000000,0.00000000000000000000,0.00000000000000000000
627,0.00000000000000000000,0.00000000000000000000,0.00000000000000000000,0.00000000000000000000,-100000000000000000000000000000000000000.00000000000000000000,0.00000000000000000000,0.00000000000000000000,0.00000000000000000000
626,0.10000000000000000000,0.91071428571428560000,0.91071428571428560000,0.30151134457776363000,0.90291262135922330000,0.09090909090909094000,1.04761904761904770000,9.59166304662543800000
625,0.00990099009900990100,0.50246305418719210000,0.50246305418719210000,0.09901475429766744000,0.01941747572815533000,0.00980392156862741600,1.00492610837438430000,1.00000000000000000000
624,0.00000000000000000000,0.00000000000000000000,0.00000000000000000000,0.00000000000000000000,-0.00970873786407766900,0.00000000000000000000,0.00000000000000000000,0.00000000000000000000
631,0.00000000000000000000,0.00000000000000000000,0.00000000000000000000,0.00000000000000000000,-100000000000000000000000000000000000000.00000000000000000000,0.00000000000000000000,0.00000000000000000000,0.00000000000000000000
630,0.00000000000000000000,0.00000000000000000000,0.00000000000000000000,0.00000000000000000000,-100000000000000000000000000000000000000.00000000000000000000,0.00000000000000000000,0.00000000000000000000,0.00000000000000000000
629,0.01666666666666666600,0.62962962962962950000,0.62962962962962950000,0.12803687993289598000,0.41747572815533984000,0.01639344262295083800,1.00826446280991730000,6.48074069840786000000
628,0.01818181818181818000,0.64968152866242050000,0.64968152866242050000,0.13363062095621220000,0.46601941747572817000,0.01785714285714290500,1.00900900900900900000,6.85565460040104400000
635,0.00980392156862745000,0.50000000000000000000,0.50000000000000000000,0.09853292781642932000,0.00970873786407766600,0.00970873786407766600,1.00487804878048780000,0.00000000000000000000
634,0.00000000000000000000,0.00000000000000000000,0.00000000000000000000,0.00000000000000000000,-100000000000000000000000000000000000000.00000000000000000000,0.00000000000000000000,0.00000000000000000000,0.00000000000000000000
633,0.00000000000000000000,0.00000000000000000000,0.00000000000000000000,0.00000000000000000000,-100000000000000000000000000000000000000.00000000000000000000,0.00000000000000000000,0.00000000000000000000,0.00000000000000000000
632,0.00000000000000000000,0.00000000000000000000,0.00000000000000000000,0.00000000000000000000,-100000000000000000000000000000000000000.00000000000000000000,0.00000000000000000000,0.00000000000000000000,0.00000000000000000000
639,0.01666666666666666600,0.62962962962962950000,0.62962962962962950000,0.12803687993289598000,0.41747572815533984000,0.01639344262295083800,1.00826446280991730000,6.48074069840786000000
638,0.01666666666666666600,0.62962962962962950000,0.62962962962962950000,0.12803687993289598000,0.41747572815533984000,0.01639344262295083800,1.00826446280991730000,6.48074069840786000000
637,0.01204819277108433800,0.55135135135135140000,0.55135135135135140000,0.10910894511799620000,0.19417475728155342000,0.01190476190476186200,1.00598802395209570000,4.35889894354067400000
636,0.00980392156862745000,0.50000000000000000000,0.50000000000000000000,0.09853292781642932000,0.00970873786407766600,0.00970873786407766600,1.00487804878048780000,0.00000000000000000000
4976,0.00000000000000000000,0.00000000000000000000,0.00000000000000000000,0.00000000000000000000,-100000000000000000000000000000000000000.00000000000000000000,0.00000000000000000000,0.00000000000000000000,0.00000000000000000000
576,0.00000000000000000000,0.00000000000000000000,0.00000000000000000000,0.00000000000000000000,-100000000000000000000000000000000000000.00000000000000000000,0.00000000000000000000,0.00000000000000000000,0.00000000000000000000
577,0.00980392156862745000,0.50000000000000000000,0.50000000000000000000,0.09853292781642932000,0.00970873786407766600,0.00970873786407766600,1.00487804878048780000,0.00000000000000000000
578,0.00000000000000000000,0.00000000000000000000,0.00000000000000000000,0.00000000000000000000,-100000000000000000000000000000000000000.00000000000000000000,0.00000000000000000000,0.00000000000000000000,0.00000000000000000000
579,0.00000000000000000000,0.00000000000000000000,0.00000000000000000000,0.00000000000000000000,-100000000000000000000000000000000000000.00000000000000000000,0.00000000000000000000,0.00000000000000000000,0.00000000000000000000
4980,0.00000000000000000000,0.00000000000000000000,0.00000000000000000000,0.00000000000000000000,-100000000000000000000000000000000000000.00000000000000000000,0.00000000000000000000,0.00000000000000000000,0.00000000000000000000
580,0.00000000000000000000,0.00000000000000000000,0.00000000000000000000,0.00000000000000000000,-100000000000000000000000000000000000000.00000000000000000000,0.00000000000000000000,0.00000000000000000000,0.00000000000000000000
581,0.00980392156862745000,0.50000000000000000000,0.50000000000000000000,0.09853292781642932000,0.00970873786407766600,0.00970873786407766600,1.00487804878048780000,0.00000000000000000000
582,0.00000000000000000000,0.00000000000000000000,0.00000000000000000000,0.00000000000000000000,-100000000000000000000000000000000000000.00000000000000000000,0.00000000000000000000,0.00000000000000000000,0.00000000000000000000
583,0.00980392156862745000,0.50000000000000000000,0.50000000000000000000,0.09853292781642932000,0.00970873786407766600,0.00970873786407766600,1.00487804878048780000,0.00000000000000000000
584,0.00000000000000000000,0.00000000000000000000,0.00000000000000000000,0.00000000000000000000,-100000000000000000000000000000000000000.00000000000000000000,0.00000000000000000000,0.00000000000000000000,0.00000000000000000000
585,0.00000000000000000000,0.00000000000000000000,0.00000000000000000000,0.00000000000000000000,-100000000000000000000000000000000000000.00000000000000000000,0.00000000000000000000,0.00000000000000000000,0.00000000000000000000
586,0.00000000000000000000,0.00000000000000000000,0.00000000000000000000,0.00000000000000000000,-100000000000000000000000000000000000000.00000000000000000000,0.00000000000000000000,0.00000000000000000000,0.00000000000000000000
587,0.00000000000000000000,0.00000000000000000000,0.00000000000000000000,0.00000000000000000000,-100000000000000000000000000000000000000.00000000000000000000,0.00000000000000000000,0.00000000000000000000,0.00000000000000000000
588,0.00000000000000000000,0.00000000000000000000,0.00000000000000000000,0.00000000000000000000,-100000000000000000000000000000000000000.00000000000000000000,0.00000000000000000000,0.00000000000000000000,0.00000000000000000000
589,0.00000000000000000000,0.00000000000000000000,0.00000000000000000000,0.00000000000000000000,-100000000000000000000000000000000000000.00000000000000000000,0.00000000000000000000,0.00000000000000000000,0.00000000000000000000
590,0.00000000000000000000,0.00000000000000000000,0.00000000000000000000,0.00000000000000000000,-100000000000000000000000000000000000000.00000000000000000000,0.00000000000000000000,0.00000000000000000000,0.00000000000000000000
591,0.00000000000000000000,0.00000000000000000000,0.00000000000000000000,0.00000000000000000000,-100000000000000000000000000000000000000.00000000000000000000,0.00000000000000000000,0.00000000000000000000,0.00000000000000000000
593,0.00000000000000000000,0.00000000000000000000,0.00000000000000000000,0.00000000000000000000,-100000000000000000000000000000000000000.00000000000000000000,0.00000000000000000000,0.00000000000000000000,0.00000000000000000000
4961,0.00000000000000000000,0.00000000000000000000,0.00000000000000000000,0.00000000000000000000,-100000000000000000000000000000000000000.00000000000000000000,0.00000000000000000000,0.00000000000000000000,0.00000000000000000000
592,0.00000000000000000000,0.00000000000000000000,0.00000000000000000000,0.00000000000000000000,-100000000000000000000000000000000000000.00000000000000000000,0.00000000000000000000,0.00000000000000000000,0.00000000000000000000
595,0.00000000000000000000,0.00000000000000000000,0.00000000000000000000,0.00000000000000000000,-100000000000000000000000000000000000000.00000000000000000000,0.00000000000000000000,0.00000000000000000000,0.00000000000000000000
4963,0.00000000000000000000,0.00000000000000000000,0.00000000000000000000,0.00000000000000000000,-0.00970873786407766900,0.00000000000000000000,0.00000000000000000000,0.00000000000000000000
594,0.00980392156862745000,0.50000000000000000000,0.50000000000000000000,0.09853292781642932000,0.00970873786407766600,0.00970873786407766600,1.00487804878048780000,0.00000000000000000000
597,0.00000000000000000000,0.00000000000000000000,0.00000000000000000000,0.00000000000000000000,-100000000000000000000000000000000000000.00000000000000000000,0.00000000000000000000,0.00000000000000000000,0.00000000000000000000
596,0.00980392156862745000,0.50000000000000000000,0.50000000000000000000,0.09853292781642932000,0.00970873786407766600,0.00970873786407766600,1.00487804878048780000,0.00000000000000000000
4964,0.00000000000000000000,0.00000000000000000000,0.00000000000000000000,0.00000000000000000000,-100000000000000000000000000000000000000.00000000000000000000,0.00000000000000000000,0.00000000000000000000,0.00000000000000000000
599,0.00000000000000000000,0.00000000000000000000,0.00000000000000000000,0.00000000000000000000,-100000000000000000000000000000000000000.00000000000000000000,0.00000000000000000000,0.00000000000000000000,0.00000000000000000000
598,0.11111111111111110000,0.91891891891891900000,0.91891891891891900000,0.31622776601683794000,0.91262135922330100000,0.09999999999999998000,1.05263157894736840000,9.64365076099295500000
601,0.00000000000000000000,0.00000000000000000000,0.00000000000000000000,0.00000000000000000000,-100000000000000000000000000000000000000.00000000000000000000,0.00000000000000000000,0.00000000000000000000,0.00000000000000000000
600,0.00000000000000000000,0.00000000000000000000,0.00000000000000000000,0.00000000000000000000,-100000000000000000000000000000000000000.00000000000000000000,0.00000000000000000000,0.00000000000000000000,0.00000000000000000000
603,0.00000000000000000000,0.00000000000000000000,0.00000000000000000000,0.00000000000000000000,-100000000000000000000000000000000000000.00000000000000000000,0.00000000000000000000,0.00000000000000000000,0.00000000000000000000
602,0.00000000000000000000,0.00000000000000000000,0.00000000000000000000,0.00000000000000000000,-100000000000000000000000000000000000000.00000000000000000000,0.00000000000000000000,0.00000000000000000000,0.00000000000000000000
4973,0.00000000000000000000,0.00000000000000000000,0.00000000000000000000,0.00000000000000000000,-0.00970873786407766900,0.00000000000000000000,0.00000000000000000000,0.00000000000000000000
604,0.00980392156862745000,0.50000000000000000000,0.50000000000000000000,0.09853292781642932000,0.00970873786407766600,0.00970873786407766600,1.00487804878048780000,0.00000000000000000000
4975,0.00000000000000000000,0.00000000000000000000,0.00000000000000000000,0.00000000000000000000,-0.02912621359223301000,0.00000000000000000000,0.00000000000000000000,0.00000000000000000000
607,0.00000000000000000000,0.00000000000000000000,0.00000000000000000000,0.00000000000000000000,-100000000000000000000000000000000000000.00000000000000000000,0.00000000000000000000,0.00000000000000000000,0.00000000000000000000
4974,0.00000000000000000000,0.00000000000000000000,0.00000000000000000000,0.00000000000000000000,-0.00970873786407766900,0.00000000000000000000,0.00000000000000000000,0.00000000000000000000
606,0.00980392156862745000,0.50000000000000000000,0.50000000000000000000,0.09853292781642932000,0.00970873786407766600,0.00970873786407766600,1.00487804878048780000,0.00000000000000000000
686,0.00000000000000000000,0.00000000000000000000,0.00000000000000000000,0.00000000000000000000,-100000000000000000000000000000000000000.00000000000000000000,0.00000000000000000000,0.00000000000000000000,0.00000000000000000000
685,0.11111111111111110000,0.91891891891891900000,0.91891891891891900000,0.31622776601683794000,0.91262135922330100000,0.09999999999999998000,1.05263157894736840000,9.64365076099295500000
684,0.00000000000000000000,0.00000000000000000000,0.00000000000000000000,0.00000000000000000000,-100000000000000000000000000000000000000.00000000000000000000,0.00000000000000000000,0.00000000000000000000,0.00000000000000000000
683,0.00000000000000000000,0.00000000000000000000,0.00000000000000000000,0.00000000000000000000,-100000000000000000000000000000000000000.00000000000000000000,0.00000000000000000000,0.00000000000000000000,0.00000000000000000000
682,0.01010101010101010200,0.50746268656716420000,0.50746268656716420000,0.10000000000000000000,0.03883495145631066000,0.01000000000000000900,1.00502512562814060000,1.73205080756887720000
681,0.03333333333333333000,0.77272727272727270000,0.77272727272727270000,0.17960530202677490000,0.70873786407766990000,0.03225806451612900400,1.01639344262295080000,8.48528137423857000000
680,0.00000000000000000000,0.00000000000000000000,0.00000000000000000000,0.00000000000000000000,-100000000000000000000000000000000000000.00000000000000000000,0.00000000000000000000,0.00000000000000000000,0.00000000000000000000
679,0.11111111111111110000,0.91891891891891900000,0.91891891891891900000,0.31622776601683794000,0.91262135922330100000,0.09999999999999998000,1.05263157894736840000,9.64365076099295500000
678,0.11111111111111110000,0.91891891891891900000,0.91891891891891900000,0.31622776601683794000,0.91262135922330100000,0.09999999999999998000,1.05263157894736840000,9.64365076099295500000
677,0.00000000000000000000,0.00000000000000000000,0.00000000000000000000,0.00000000000000000000,-100000000000000000000000000000000000000.00000000000000000000,0.00000000000000000000,0.00000000000000000000,0.00000000000000000000
676,0.00980392156862745000,0.50000000000000000000,0.50000000000000000000,0.09853292781642932000,0.00970873786407766600,0.00970873786407766600,1.00487804878048780000,0.00000000000000000000
675,0.00980392156862745000,0.50000000000000000000,0.50000000000000000000,0.09853292781642932000,0.00970873786407766600,0.00970873786407766600,1.00487804878048780000,0.00000000000000000000
674,0.00980392156862745000,0.50000000000000000000,0.50000000000000000000,0.09853292781642932000,0.00970873786407766600,0.00970873786407766600,1.00487804878048780000,0.00000000000000000000
673,0.00000000000000000000,0.00000000000000000000,0.00000000000000000000,0.00000000000000000000,-100000000000000000000000000000000000000.00000000000000000000,0.00000000000000000000,0.00000000000000000000,0.00000000000000000000
672,0.00980392156862745000,0.50000000000000000000,0.50000000000000000000,0.09853292781642932000,0.00970873786407766600,0.00970873786407766600,1.00487804878048780000,0.00000000000000000000
702,0.00000000000000000000,0.00000000000000000000,0.00000000000000000000,0.00000000000000000000,-100000000000000000000000000000000000000.00000000000000000000,0.00000000000000000000,0.00000000000000000000,0.00000000000000000000
703,0.00000000000000000000,0.00000000000000000000,0.00000000000000000000,0.00000000000000000000,-100000000000000000000000000000000000000.00000000000000000000,0.00000000000000000000,0.00000000000000000000,0.00000000000000000000
700,0.00000000000000000000,0.00000000000000000000,0.00000000000000000000,0.00000000000000000000,-100000000000000000000000000000000000000.00000000000000000000,0.00000000000000000000,0.00000000000000000000,0.00000000000000000000
701,0.00000000000000000000,0.00000000000000000000,0.00000000000000000000,0.00000000000000000000,-0.02912621359223301000,0.00000000000000000000,0.00000000000000000000,0.00000000000000000000
698,0.00000000000000000000,0.00000000000000000000,0.00000000000000000000,0.00000000000000000000,-0.03883495145631067600,0.00000000000000000000,0.00000000000000000000,0.00000000000000000000
699,0.00980392156862745000,0.50000000000000000000,0.50000000000000000000,0.09853292781642932000,0.00970873786407766600,0.00970873786407766600,1.00487804878048780000,0.00000000000000000000
696,0.00000000000000000000,0.00000000000000000000,0.00000000000000000000,0.00000000000000000000,-0.02912621359223301000,0.00000000000000000000,0.00000000000000000000,0.00000000000000000000
697,0.00000000000000000000,0.00000000000000000000,0.00000000000000000000,0.00000000000000000000,-100000000000000000000000000000000000000.00000000000000000000,0.00000000000000000000,0.00000000000000000000,0.00000000000000000000
694,0.01020408163265306000,0.51000000000000000000,0.51000000000000000000,0.10050378152592121000,0.04854368932038833000,0.01010101010101005500,1.00507614213197960000,2.00000000000000000000
4998,0.00000000000000000000,0.00000000000000000000,0.00000000000000000000,0.00000000000000000000,-100000000000000000000000000000000000000.00000000000000000000,0.00000000000000000000,0.00000000000000000000,0.00000000000000000000
695,0.00000000000000000000,0.00000000000000000000,0.00000000000000000000,0.00000000000000000000,-100000000000000000000000000000000000000.00000000000000000000,0.00000000000000000000,0.00000000000000000000,0.00000000000000000000
692,0.11111111111111110000,0.91891891891891900000,0.91891891891891900000,0.31622776601683794000,0.91262135922330100000,0.09999999999999998000,1.05263157894736840000,9.64365076099295500000
693,0.01010101010101010200,0.50746268656716420000,0.50746268656716420000,0.10000000000000000000,0.03883495145631066000,0.01000000000000000900,1.00502512562814060000,1.73205080756887720000
4997,0.00980392156862745000,0.50000000000000000000,0.50000000000000000000,0.09853292781642932000,0.00970873786407766600,0.00970873786407766600,1.00487804878048780000,0.00000000000000000000
4994,0.00980392156862745000,0.50000000000000000000,0.50000000000000000000,0.09853292781642932000,0.00970873786407766600,0.00970873786407766600,1.00487804878048780000,0.00000000000000000000
690,0.00000000000000000000,0.00000000000000000000,0.00000000000000000000,0.00000000000000000000,-100000000000000000000000000000000000000.00000000000000000000,0.00000000000000000000,0.00000000000000000000,0.00000000000000000000
4995,0.00980392156862745000,0.50000000000000000000,0.50000000000000000000,0.09853292781642932000,0.00970873786407766600,0.00970873786407766600,1.00487804878048780000,0.00000000000000000000
691,0.00000000000000000000,0.00000000000000000000,0.00000000000000000000,0.00000000000000000000,-100000000000000000000000000000000000000.00000000000000000000,0.00000000000000000000,0.00000000000000000000,0.00000000000000000000
4992,0.01010101010101010200,0.50746268656716420000,0.50746268656716420000,0.10000000000000000000,0.03883495145631066000,0.01000000000000000900,1.00502512562814060000,1.73205080756887720000
688,0.11111111111111110000,0.91891891891891900000,0.91891891891891900000,0.31622776601683794000,0.91262135922330100000,0.09999999999999998000,1.05263157894736840000,9.64365076099295500000
4993,0.00000000000000000000,0.00000000000000000000,0.00000000000000000000,0.00000000000000000000,-100000000000000000000000000000000000000.00000000000000000000,0.00000000000000000000,0.00000000000000000000,0.00000000000000000000
689,0.00000000000000000000,0.00000000000000000000,0.00000000000000000000,0.00000000000000000000,-100000000000000000000000000000000000000.00000000000000000000,0.00000000000000000000,0.00000000000000000000,0.00000000000000000000
653,0.01666666666666666600,0.62962962962962950000,0.62962962962962950000,0.12803687993289598000,0.41747572815533984000,0.01639344262295083800,1.00826446280991730000,6.48074069840786000000
652,0.00000000000000000000,0.00000000000000000000,0.00000000000000000000,0.00000000000000000000,-100000000000000000000000000000000000000.00000000000000000000,0.00000000000000000000,0.00000000000000000000,0.00000000000000000000
655,0.00000000000000000000,0.00000000000000000000,0.00000000000000000000,0.00000000000000000000,-100000000000000000000000000000000000000.00000000000000000000,0.00000000000000000000,0.00000000000000000000,0.00000000000000000000
649,0.00000000000000000000,0.00000000000000000000,0.00000000000000000000,0.00000000000000000000,-100000000000000000000000000000000000000.00000000000000000000,0.00000000000000000000,0.00000000000000000000,0.00000000000000000000
648,0.01666666666666666600,0.62962962962962950000,0.62962962962962950000,0.12803687993289598000,0.41747572815533984000,0.01639344262295083800,1.00826446280991730000,6.48074069840786000000
651,0.01666666666666666600,0.62962962962962950000,0.62962962962962950000,0.12803687993289598000,0.41747572815533984000,0.01639344262295083800,1.00826446280991730000,6.48074069840786000000
650,0.00000000000000000000,0.00000000000000000000,0.00000000000000000000,0.00000000000000000000,-100000000000000000000000000000000000000.00000000000000000000,0.00000000000000000000,0.00000000000000000000,0.00000000000000000000
645,0.01666666666666666600,0.62962962962962950000,0.62962962962962950000,0.12803687993289598000,0.41747572815533984000,0.01639344262295083800,1.00826446280991730000,6.48074069840786000000
644,0.00000000000000000000,0.00000000000000000000,0.00000000000000000000,0.00000000000000000000,-100000000000000000000000000000000000000.00000000000000000000,0.00000000000000000000,0.00000000000000000000,0.00000000000000000000
647,0.00000000000000000000,0.00000000000000000000,0.00000000000000000000,0.00000000000000000000,-100000000000000000000000000000000000000.00000000000000000000,0.00000000000000000000,0.00000000000000000000,0.00000000000000000000
646,0.01666666666666666600,0.62962962962962950000,0.62962962962962950000,0.12803687993289598000,0.41747572815533984000,0.01639344262295083800,1.00826446280991730000,6.48074069840786000000
641,0.00990099009900990100,0.50246305418719210000,0.50246305418719210000,0.09901475429766744000,0.01941747572815533000,0.00980392156862741600,1.00492610837438430000,1.00000000000000000000
640,0.00000000000000000000,0.00000000000000000000,0.00000000000000000000,0.00000000000000000000,-100000000000000000000000000000000000000.00000000000000000000,0.00000000000000000000,0.00000000000000000000,0.00000000000000000000
643,0.00000000000000000000,0.00000000000000000000,0.00000000000000000000,0.00000000000000000000,-100000000000000000000000000000000000000.00000000000000000000,0.00000000000000000000,0.00000000000000000000,0.00000000000000000000
642,0.00980392156862745000,0.50000000000000000000,0.50000000000000000000,0.09853292781642932000,0.00970873786407766600,0.00970873786407766600,1.00487804878048780000,0.00000000000000000000
668,0.00000000000000000000,0.00000000000000000000,0.00000000000000000000,0.00000000000000000000,-100000000000000000000000000000000000000.00000000000000000000,0.00000000000000000000,0.00000000000000000000,0.00000000000000000000
669,0.01666666666666666600,0.62962962962962950000,0.62962962962962950000,0.12803687993289598000,0.41747572815533984000,0.01639344262295083800,1.00826446280991730000,6.48074069840786000000
670,0.00000000000000000000,0.00000000000000000000,0.00000000000000000000,0.00000000000000000000,-100000000000000000000000000000000000000.00000000000000000000,0.00000000000000000000,0.00000000000000000000,0.00000000000000000000
671,0.00980392156862745000,0.50000000000000000000,0.50000000000000000000,0.09853292781642932000,0.00970873786407766600,0.00970873786407766600,1.00487804878048780000,0.00000000000000000000
664,0.00000000000000000000,0.00000000000000000000,0.00000000000000000000,0.00000000000000000000,-100000000000000000000000000000000000000.00000000000000000000,0.00000000000000000000,0.00000000000000000000,0.00000000000000000000
665,0.01818181818181818000,0.64968152866242050000,0.64968152866242050000,0.13363062095621220000,0.46601941747572817000,0.01785714285714290500,1.00900900900900900000,6.85565460040104400000
666,0.00980392156862745000,0.50000000000000000000,0.50000000000000000000,0.09853292781642932000,0.00970873786407766600,0.00970873786407766600,1.00487804878048780000,0.00000000000000000000
667,0.12500000000000000000,0.92727272727272740000,0.92727272727272740000,0.33333333333333330000,0.92233009708737870000,0.11111111111111116000,1.05882352941176470000,9.69535971483265900000
660,0.00000000000000000000,0.00000000000000000000,0.00000000000000000000,0.00000000000000000000,-100000000000000000000000000000000000000.00000000000000000000,0.00000000000000000000,0.00000000000000000000,0.00000000000000000000
661,0.01666666666666666600,0.62962962962962950000,0.62962962962962950000,0.12803687993289598000,0.41747572815533984000,0.01639344262295083800,1.00826446280991730000,6.48074069840786000000
662,0.00980392156862745000,0.50000000000000000000,0.50000000000000000000,0.09853292781642932000,0.00970873786407766600,0.00970873786407766600,1.00487804878048780000,0.00000000000000000000
663,0.00980392156862745000,0.50000000000000000000,0.50000000000000000000,0.09853292781642932000,0.00970873786407766600,0.00970873786407766600,1.00487804878048780000,0.00000000000000000000
656,0.01666666666666666600,0.62962962962962950000,0.62962962962962950000,0.12803687993289598000,0.41747572815533984000,0.01639344262295083800,1.00826446280991730000,6.48074069840786000000
657,0.00000000000000000000,0.00000000000000000000,0.00000000000000000000,0.00000000000000000000,-100000000000000000000000000000000000000.00000000000000000000,0.00000000000000000000,0.00000000000000000000,0.00000000000000000000
658,0.00000000000000000000,0.00000000000000000000,0.00000000000000000000,0.00000000000000000000,-100000000000000000000000000000000000000.00000000000000000000,0.00000000000000000000,0.00000000000000000000,0.00000000000000000000
659,0.00000000000000000000,0.00000000000000000000,0.00000000000000000000,0.00000000000000000000,-100000000000000000000000000000000000000.00000000000000000000,0.00000000000000000000,0.00000000000000000000,0.00000000000000000000
5083,0.00000000000000000000,0.00000000000000000000,0.00000000000000000000,0.00000000000000000000,-0.00970873786407766900,0.00000000000000000000,0.00000000000000000000,0.00000000000000000000
747,0.00990099009900990100,0.50246305418719210000,0.50246305418719210000,0.09901475429766744000,0.01941747572815533000,0.00980392156862741600,1.00492610837438430000,1.00000000000000000000
746,0.00980392156862745000,0.50000000000000000000,0.50000000000000000000,0.09853292781642932000,0.00970873786407766600,0.00970873786407766600,1.00487804878048780000,0.00000000000000000000
745,0.01010101010101010200,0.50746268656716420000,0.50746268656716420000,0.10000000000000000000,0.03883495145631066000,0.01000000000000000900,1.00502512562814060000,1.73205080756887720000
744,0.00980392156862745000,0.50000000000000000000,0.50000000000000000000,0.09853292781642932000,0.00970873786407766600,0.00970873786407766600,1.00487804878048780000,0.00000000000000000000
5087,0.00000000000000000000,0.00000000000000000000,0.00000000000000000000,0.00000000000000000000,-100000000000000000000000000000000000000.00000000000000000000,0.00000000000000000000,0.00000000000000000000,0.00000000000000000000
751,0.01162790697674418600,0.54255319148936170000,0.54255319148936170000,0.10721125348377948000,0.16504854368932043000,0.01149425287356320400,1.00578034682080930000,4.00000000000000000000
5086,0.00000000000000000000,0.00000000000000000000,0.00000000000000000000,0.00000000000000000000,-0.04854368932038835000,0.00000000000000000000,0.00000000000000000000,0.00000000000000000000
750,0.00980392156862745000,0.50000000000000000000,0.50000000000000000000,0.09853292781642932000,0.00970873786407766600,0.00970873786407766600,1.00487804878048780000,0.00000000000000000000
5085,0.00000000000000000000,0.00000000000000000000,0.00000000000000000000,0.00000000000000000000,-100000000000000000000000000000000000000.00000000000000000000,0.00000000000000000000,0.00000000000000000000,0.00000000000000000000
749,0.07692307692307693000,0.88695652173913040000,0.88695652173913040000,0.26726124191242440000,0.87378640776699030000,0.07142857142857140000,1.03703703703703700000,9.43398113205660300000
5084,0.00000000000000000000,0.00000000000000000000,0.00000000000000000000,0.00000000000000000000,-0.04854368932038835000,0.00000000000000000000,0.00000000000000000000,0.00000000000000000000
748,0.00990099009900990100,0.50246305418719210000,0.50246305418719210000,0.09901475429766744000,0.01941747572815533000,0.00980392156862741600,1.00492610837438430000,1.00000000000000000000
739,0.00980392156862745000,0.50000000000000000000,0.50000000000000000000,0.09853292781642932000,0.00970873786407766600,0.00970873786407766600,1.00487804878048780000,0.00000000000000000000
738,0.00980392156862745000,0.50000000000000000000,0.50000000000000000000,0.09853292781642932000,0.00970873786407766600,0.00970873786407766600,1.00487804878048780000,0.00000000000000000000
737,0.00980392156862745000,0.50000000000000000000,0.50000000000000000000,0.09853292781642932000,0.00970873786407766600,0.00970873786407766600,1.00487804878048780000,0.00000000000000000000
736,0.00990099009900990100,0.50246305418719210000,0.50246305418719210000,0.09901475429766744000,0.01941747572815533000,0.00980392156862741600,1.00492610837438430000,1.00000000000000000000
743,0.00980392156862745000,0.50000000000000000000,0.50000000000000000000,0.09853292781642932000,0.00970873786407766600,0.00970873786407766600,1.00487804878048780000,0.00000000000000000000
5079,0.00000000000000000000,0.00000000000000000000,0.00000000000000000000,0.00000000000000000000,-100000000000000000000000000000000000000.00000000000000000000,0.00000000000000000000,0.00000000000000000000,0.00000000000000000000
742,0.00980392156862745000,0.50000000000000000000,0.50000000000000000000,0.09853292781642932000,0.00970873786407766600,0.00970873786407766600,1.00487804878048780000,0.00000000000000000000
741,0.00980392156862745000,0.50000000000000000000,0.50000000000000000000,0.09853292781642932000,0.00970873786407766600,0.00970873786407766600,1.00487804878048780000,0.00000000000000000000
740,0.00980392156862745000,0.50000000000000000000,0.50000000000000000000,0.09853292781642932000,0.00970873786407766600,0.00970873786407766600,1.00487804878048780000,0.00000000000000000000
762,0.01075268817204301200,0.52307692307692310000,0.52307692307692310000,0.10314212462587934000,0.09708737864077666000,0.01063829787234038500,1.00534759358288770000,3.00000000000000000000
763,0.00000000000000000000,0.00000000000000000000,0.00000000000000000000,0.00000000000000000000,-100000000000000000000000000000000000000.00000000000000000000,0.00000000000000000000,0.00000000000000000000,0.00000000000000000000
760,0.00000000000000000000,0.00000000000000000000,0.00000000000000000000,0.00000000000000000000,-100000000000000000000000000000000000000.00000000000000000000,0.00000000000000000000,0.00000000000000000000,0.00000000000000000000
761,0.01086956521739130400,0.52577319587628870000,0.52577319587628870000,0.10369516947304253000,0.10679611650485432000,0.01075268817204300100,1.00540540540540540000,3.16227766016837950000
766,0.01086956521739130400,0.52577319587628870000,0.52577319587628870000,0.10369516947304253000,0.10679611650485432000,0.01075268817204300100,1.00540540540540540000,3.16227766016837950000
767,0.00980392156862745000,0.50000000000000000000,0.50000000000000000000,0.09853292781642932000,0.00970873786407766600,0.00970873786407766600,1.00487804878048780000,0.00000000000000000000
764,0.00000000000000000000,0.00000000000000000000,0.00000000000000000000,0.00000000000000000000,-0.13592233009708737000,0.00000000000000000000,0.00000000000000000000,0.00000000000000000000
765,0.01086956521739130400,0.52577319587628870000,0.52577319587628870000,0.10369516947304253000,0.10679611650485432000,0.01075268817204300100,1.00540540540540540000,3.16227766016837950000
754,0.00000000000000000000,0.00000000000000000000,0.00000000000000000000,0.00000000000000000000,-100000000000000000000000000000000000000.00000000000000000000,0.00000000000000000000,0.00000000000000000000,0.00000000000000000000
755,0.03703703703703703500,0.79069767441860470000,0.79069767441860470000,0.18898223650461360000,0.73786407766990290000,0.03571428571428570000,1.01818181818181800000,8.66025403784438700000
752,0.02857142857142857000,0.74452554744525550000,0.74452554744525550000,0.16666666666666666000,0.66019417475728150000,0.02777777777777779000,1.01408450704225350000,8.18535277187245000000
753,0.00000000000000000000,0.00000000000000000000,0.00000000000000000000,0.00000000000000000000,-100000000000000000000000000000000000000.00000000000000000000,0.00000000000000000000,0.00000000000000000000,0.00000000000000000000
758,0.00000000000000000000,0.00000000000000000000,0.00000000000000000000,0.00000000000000000000,-100000000000000000000000000000000000000.00000000000000000000,0.00000000000000000000,0.00000000000000000000,0.00000000000000000000
759,0.01086956521739130400,0.52577319587628870000,0.52577319587628870000,0.10369516947304253000,0.10679611650485432000,0.01075268817204300100,1.00540540540540540000,3.16227766016837950000
756,0.02857142857142857000,0.74452554744525550000,0.74452554744525550000,0.16666666666666666000,0.66019417475728150000,0.02777777777777779000,1.01408450704225350000,8.18535277187245000000
757,0.02564102564102564000,0.72340425531914900000,0.72340425531914900000,0.15811388300841897000,0.62135922330097080000,0.02500000000000002200,1.01265822784810130000,7.93725393319377200000
713,0.00000000000000000000,0.00000000000000000000,0.00000000000000000000,0.00000000000000000000,-100000000000000000000000000000000000000.00000000000000000000,0.00000000000000000000,0.00000000000000000000,0.00000000000000000000
712,0.00000000000000000000,0.00000000000000000000,0.00000000000000000000,0.00000000000000000000,-100000000000000000000000000000000000000.00000000000000000000,0.00000000000000000000,0.00000000000000000000,0.00000000000000000000
715,0.00000000000000000000,0.00000000000000000000,0.00000000000000000000,0.00000000000000000000,-100000000000000000000000000000000000000.00000000000000000000,0.00000000000000000000,0.00000000000000000000,0.00000000000000000000
714,0.00000000000000000000,0.00000000000000000000,0.00000000000000000000,0.00000000000000000000,-100000000000000000000000000000000000000.00000000000000000000,0.00000000000000000000,0.00000000000000000000,0.00000000000000000000
717,0.00000000000000000000,0.00000000000000000000,0.00000000000000000000,0.00000000000000000000,-100000000000000000000000000000000000000.00000000000000000000,0.00000000000000000000,0.00000000000000000000,0.00000000000000000000
716,0.00000000000000000000,0.00000000000000000000,0.00000000000000000000,0.00000000000000000000,-100000000000000000000000000000000000000.00000000000000000000,0.00000000000000000000,0.00000000000000000000,0.00000000000000000000
719,0.00980392156862745000,0.50000000000000000000,0.50000000000000000000,0.09853292781642932000,0.00970873786407766600,0.00970873786407766600,1.00487804878048780000,0.00000000000000000000
718,0.00000000000000000000,0.00000000000000000000,0.00000000000000000000,0.00000000000000000000,-100000000000000000000000000000000000000.00000000000000000000,0.00000000000000000000,0.00000000000000000000,0.00000000000000000000
5105,0.00000000000000000000,0.00000000000000000000,0.00000000000000000000,0.00000000000000000000,-0.05825242718446602000,0.00000000000000000000,0.00000000000000000000,0.00000000000000000000
705,0.00000000000000000000,0.00000000000000000000,0.00000000000000000000,0.00000000000000000000,-100000000000000000000000000000000000000.00000000000000000000,0.00000000000000000000,0.00000000000000000000,0.00000000000000000000
5104,0.00000000000000000000,0.00000000000000000000,0.00000000000000000000,0.00000000000000000000,-100000000000000000000000000000000000000.00000000000000000000,0.00000000000000000000,0.00000000000000000000,0.00000000000000000000
704,0.11111111111111110000,0.91891891891891900000,0.91891891891891900000,0.31622776601683794000,0.91262135922330100000,0.09999999999999998000,1.05263157894736840000,9.64365076099295500000
5107,0.00000000000000000000,0.00000000000000000000,0.00000000000000000000,0.00000000000000000000,-0.00970873786407766900,0.00000000000000000000,0.00000000000000000000,0.00000000000000000000
707,0.00000000000000000000,0.00000000000000000000,0.00000000000000000000,0.00000000000000000000,-100000000000000000000000000000000000000.00000000000000000000,0.00000000000000000000,0.00000000000000000000,0.00000000000000000000
5106,0.00000000000000000000,0.00000000000000000000,0.00000000000000000000,0.00000000000000000000,-0.05825242718446602000,0.00000000000000000000,0.00000000000000000000,0.00000000000000000000
706,0.00000000000000000000,0.00000000000000000000,0.00000000000000000000,0.00000000000000000000,-100000000000000000000000000000000000000.00000000000000000000,0.00000000000000000000,0.00000000000000000000,0.00000000000000000000
5109,0.00000000000000000000,0.00000000000000000000,0.00000000000000000000,0.00000000000000000000,-0.05825242718446602000,0.00000000000000000000,0.00000000000000000000,0.00000000000000000000
709,0.00000000000000000000,0.00000000000000000000,0.00000000000000000000,0.00000000000000000000,-100000000000000000000000000000000000000.00000000000000000000,0.00000000000000000000,0.00000000000000000000,0.00000000000000000000
5108,0.00000000000000000000,0.00000000000000000000,0.00000000000000000000,0.00000000000000000000,-0.04854368932038835000,0.00000000000000000000,0.00000000000000000000,0.00000000000000000000
708,0.00980392156862745000,0.50000000000000000000,0.50000000000000000000,0.09853292781642932000,0.00970873786407766600,0.00970873786407766600,1.00487804878048780000,0.00000000000000000000
711,0.00000000000000000000,0.00000000000000000000,0.00000000000000000000,0.00000000000000000000,-100000000000000000000000000000000000000.00000000000000000000,0.00000000000000000000,0.00000000000000000000,0.00000000000000000000
710,0.00000000000000000000,0.00000000000000000000,0.00000000000000000000,0.00000000000000000000,-100000000000000000000000000000000000000.00000000000000000000,0.00000000000000000000,0.00000000000000000000,0.00000000000000000000
5096,0.00000000000000000000,0.00000000000000000000,0.00000000000000000000,0.00000000000000000000,-0.00970873786407766900,0.00000000000000000000,0.00000000000000000000,0.00000000000000000000
728,0.00980392156862745000,0.50000000000000000000,0.50000000000000000000,0.09853292781642932000,0.00970873786407766600,0.00970873786407766600,1.00487804878048780000,0.00000000000000000000
5097,0.00000000000000000000,0.00000000000000000000,0.00000000000000000000,0.00000000000000000000,-100000000000000000000000000000000000000.00000000000000000000,0.00000000000000000000,0.00000000000000000000,0.00000000000000000000
729,0.00000000000000000000,0.00000000000000000000,0.00000000000000000000,0.00000000000000000000,-100000000000000000000000000000000000000.00000000000000000000,0.00000000000000000000,0.00000000000000000000,0.00000000000000000000
5098,0.00000000000000000000,0.00000000000000000000,0.00000000000000000000,0.00000000000000000000,-100000000000000000000000000000000000000.00000000000000000000,0.00000000000000000000,0.00000000000000000000,0.00000000000000000000
730,0.00000000000000000000,0.00000000000000000000,0.00000000000000000000,0.00000000000000000000,-100000000000000000000000000000000000000.00000000000000000000,0.00000000000000000000,0.00000000000000000000,0.00000000000000000000
731,0.00000000000000000000,0.00000000000000000000,0.00000000000000000000,0.00000000000000000000,-100000000000000000000000000000000000000.00000000000000000000,0.00000000000000000000,0.00000000000000000000,0.00000000000000000000
5100,0.00000000000000000000,0.00000000000000000000,0.00000000000000000000,0.00000000000000000000,-0.04854368932038835000,0.00000000000000000000,0.00000000000000000000,0.00000000000000000000
5101,0.00000000000000000000,0.00000000000000000000,0.00000000000000000000,0.00000000000000000000,-100000000000000000000000000000000000000.00000000000000000000,0.00000000000000000000,0.00000000000000000000,0.00000000000000000000
733,0.01162790697674418600,0.54255319148936170000,0.54255319148936170000,0.10721125348377948000,0.16504854368932043000,0.01149425287356320400,1.00578034682080930000,4.00000000000000000000
5102,0.00000000000000000000,0.00000000000000000000,0.00000000000000000000,0.00000000000000000000,-100000000000000000000000000000000000000.00000000000000000000,0.00000000000000000000,0.00000000000000000000,0.00000000000000000000
734,0.00980392156862745000,0.50000000000000000000,0.50000000000000000000,0.09853292781642932000,0.00970873786407766600,0.00970873786407766600,1.00487804878048780000,0.00000000000000000000
5103,0.00000000000000000000,0.00000000000000000000,0.00000000000000000000,0.00000000000000000000,-100000000000000000000000000000000000000.00000000000000000000,0.00000000000000000000,0.00000000000000000000,0.00000000000000000000
735,0.01162790697674418600,0.54255319148936170000,0.54255319148936170000,0.10721125348377948000,0.16504854368932043000,0.01149425287356320400,1.00578034682080930000,4.00000000000000000000
5088,0.00000000000000000000,0.00000000000000000000,0.00000000000000000000,0.00000000000000000000,-0.04854368932038835000,0.00000000000000000000,0.00000000000000000000,0.00000000000000000000
720,0.00000000000000000000,0.00000000000000000000,0.00000000000000000000,0.00000000000000000000,-0.02912621359223301000,0.00000000000000000000,0.00000000000000000000,0.00000000000000000000
5089,0.00000000000000000000,0.00000000000000000000,0.00000000000000000000,0.00000000000000000000,-100000000000000000000000000000000000000.00000000000000000000,0.00000000000000000000,0.00000000000000000000,0.00000000000000000000
721,0.00000000000000000000,0.00000000000000000000,0.00000000000000000000,0.00000000000000000000,-100000000000000000000000000000000000000.00000000000000000000,0.00000000000000000000,0.00000000000000000000,0.00000000000000000000
5090,0.00000000000000000000,0.00000000000000000000,0.00000000000000000000,0.00000000000000000000,-100000000000000000000000000000000000000.00000000000000000000,0.00000000000000000000,0.00000000000000000000,0.00000000000000000000
722,0.01020408163265306000,0.51000000000000000000,0.51000000000000000000,0.10050378152592121000,0.04854368932038833000,0.01010101010101005500,1.00507614213197960000,2.00000000000000000000
5091,0.00000000000000000000,0.00000000000000000000,0.00000000000000000000,0.00000000000000000000,-0.05825242718446602000,0.00000000000000000000,0.00000000000000000000,0.00000000000000000000
723,0.00000000000000000000,0.00000000000000000000,0.00000000000000000000,0.00000000000000000000,-100000000000000000000000000000000000000.00000000000000000000,0.00000000000000000000,0.00000000000000000000,0.00000000000000000000
5092,0.00000000000000000000,0.00000000000000000000,0.00000000000000000000,0.00000000000000000000,-0.04854368932038835000,0.00000000000000000000,0.00000000000000000000,0.00000000000000000000
724,0.00980392156862745000,0.50000000000000000000,0.50000000000000000000,0.09853292781642932000,0.00970873786407766600,0.00970873786407766600,1.00487804878048780000,0.00000000000000000000
5093,0.00000000000000000000,0.00000000000000000000,0.00000000000000000000,0.00000000000000000000,-0.04854368932038835000,0.00000000000000000000,0.00000000000000000000,0.00000000000000000000
725,0.00980392156862745000,0.50000000000000000000,0.50000000000000000000,0.09853292781642932000,0.00970873786407766600,0.00970873786407766600,1.00487804878048780000,0.00000000000000000000
5094,0.00000000000000000000,0.00000000000000000000,0.00000000000000000000,0.00000000000000000000,-0.01941747572815533800,0.00000000000000000000,0.00000000000000000000,0.00000000000000000000
727,0.00000000000000000000,0.00000000000000000000,0.00000000000000000000,0.00000000000000000000,-100000000000000000000000000000000000000.00000000000000000000,0.00000000000000000000,0.00000000000000000000,0.00000000000000000000
821,0.00980392156862745000,0.50000000000000000000,0.50000000000000000000,0.09853292781642932000,0.00970873786407766600,0.00970873786407766600,1.00487804878048780000,0.00000000000000000000
820,0.00000000000000000000,0.00000000000000000000,0.00000000000000000000,0.00000000000000000000,-100000000000000000000000000000000000000.00000000000000000000,0.00000000000000000000,0.00000000000000000000,0.00000000000000000000
823,0.00980392156862745000,0.50000000000000000000,0.50000000000000000000,0.09853292781642932000,0.00970873786407766600,0.00970873786407766600,1.00487804878048780000,0.00000000000000000000
822,0.00980392156862745000,0.50000000000000000000,0.50000000000000000000,0.09853292781642932000,0.00970873786407766600,0.00970873786407766600,1.00487804878048780000,0.00000000000000000000
4609,0.00000000000000000000,0.00000000000000000000,0.00000000000000000000,0.00000000000000000000,-0.01941747572815533800,0.00000000000000000000,0.00000000000000000000,0.00000000000000000000
817,0.00980392156862745000,0.50000000000000000000,0.50000000000000000000,0.09853292781642932000,0.00970873786407766600,0.00970873786407766600,1.00487804878048780000,0.00000000000000000000
4608,0.00000000000000000000,0.00000000000000000000,0.00000000000000000000,0.00000000000000000000,-0.01941747572815533800,0.00000000000000000000,0.00000000000000000000,0.00000000000000000000
819,0.00980392156862745000,0.50000000000000000000,0.50000000000000000000,0.09853292781642932000,0.00970873786407766600,0.00970873786407766600,1.00487804878048780000,0.00000000000000000000
818,0.02857142857142857000,0.74452554744525550000,0.74452554744525550000,0.16666666666666666000,0.66019417475728150000,0.02777777777777779000,1.01408450704225350000,8.18535277187245000000
829,0.00000000000000000000,0.00000000000000000000,0.00000000000000000000,0.00000000000000000000,-100000000000000000000000000000000000000.00000000000000000000,0.00000000000000000000,0.00000000000000000000,0.00000000000000000000
828,0.00980392156862745000,0.50000000000000000000,0.50000000000000000000,0.09853292781642932000,0.00970873786407766600,0.00970873786407766600,1.00487804878048780000,0.00000000000000000000
831,0.00980392156862745000,0.50000000000000000000,0.50000000000000000000,0.09853292781642932000,0.00970873786407766600,0.00970873786407766600,1.00487804878048780000,0.00000000000000000000
830,0.00980392156862745000,0.50000000000000000000,0.50000000000000000000,0.09853292781642932000,0.00970873786407766600,0.00970873786407766600,1.00487804878048780000,0.00000000000000000000
825,0.00980392156862745000,0.50000000000000000000,0.50000000000000000000,0.09853292781642932000,0.00970873786407766600,0.00970873786407766600,1.00487804878048780000,0.00000000000000000000
824,0.00000000000000000000,0.00000000000000000000,0.00000000000000000000,0.00000000000000000000,-100000000000000000000000000000000000000.00000000000000000000,0.00000000000000000000,0.00000000000000000000,0.00000000000000000000
827,0.00980392156862745000,0.50000000000000000000,0.50000000000000000000,0.09853292781642932000,0.00970873786407766600,0.00970873786407766600,1.00487804878048780000,0.00000000000000000000
826,0.00980392156862745000,0.50000000000000000000,0.50000000000000000000,0.09853292781642932000,0.00970873786407766600,0.00970873786407766600,1.00487804878048780000,0.00000000000000000000
804,0.00980392156862745000,0.50000000000000000000,0.50000000000000000000,0.09853292781642932000,0.00970873786407766600,0.00970873786407766600,1.00487804878048780000,0.00000000000000000000
805,0.00000000000000000000,0.00000000000000000000,0.00000000000000000000,0.00000000000000000000,-100000000000000000000000000000000000000.00000000000000000000,0.00000000000000000000,0.00000000000000000000,0.00000000000000000000
806,0.00000000000000000000,0.00000000000000000000,0.00000000000000000000,0.00000000000000000000,-100000000000000000000000000000000000000.00000000000000000000,0.00000000000000000000,0.00000000000000000000,0.00000000000000000000
807,0.00000000000000000000,0.00000000000000000000,0.00000000000000000000,0.00000000000000000000,-100000000000000000000000000000000000000.00000000000000000000,0.00000000000000000000,0.00000000000000000000,0.00000000000000000000
800,0.00980392156862745000,0.50000000000000000000,0.50000000000000000000,0.09853292781642932000,0.00970873786407766600,0.00970873786407766600,1.00487804878048780000,0.00000000000000000000
801,0.00980392156862745000,0.50000000000000000000,0.50000000000000000000,0.09853292781642932000,0.00970873786407766600,0.00970873786407766600,1.00487804878048780000,0.00000000000000000000
802,0.00980392156862745000,0.50000000000000000000,0.50000000000000000000,0.09853292781642932000,0.00970873786407766600,0.00970873786407766600,1.00487804878048780000,0.00000000000000000000
803,0.00980392156862745000,0.50000000000000000000,0.50000000000000000000,0.09853292781642932000,0.00970873786407766600,0.00970873786407766600,1.00487804878048780000,0.00000000000000000000
812,0.00000000000000000000,0.00000000000000000000,0.00000000000000000000,0.00000000000000000000,-100000000000000000000000000000000000000.00000000000000000000,0.00000000000000000000,0.00000000000000000000,0.00000000000000000000
814,0.01818181818181818000,0.64968152866242050000,0.64968152866242050000,0.13363062095621220000,0.46601941747572817000,0.01785714285714290500,1.00900900900900900000,6.85565460040104400000
815,0.00000000000000000000,0.00000000000000000000,0.00000000000000000000,0.00000000000000000000,-100000000000000000000000000000000000000.00000000000000000000,0.00000000000000000000,0.00000000000000000000,0.00000000000000000000
808,0.00980392156862745000,0.50000000000000000000,0.50000000000000000000,0.09853292781642932000,0.00970873786407766600,0.00970873786407766600,1.00487804878048780000,0.00000000000000000000
810,0.01666666666666666600,0.62962962962962950000,0.62962962962962950000,0.12803687993289598000,0.41747572815533984000,0.01639344262295083800,1.00826446280991730000,6.48074069840786000000
811,0.00000000000000000000,0.00000000000000000000,0.00000000000000000000,0.00000000000000000000,-100000000000000000000000000000000000000.00000000000000000000,0.00000000000000000000,0.00000000000000000000,0.00000000000000000000
791,0.00980392156862745000,0.50000000000000000000,0.50000000000000000000,0.09853292781642932000,0.00970873786407766600,0.00970873786407766600,1.00487804878048780000,0.00000000000000000000
790,0.00980392156862745000,0.50000000000000000000,0.50000000000000000000,0.09853292781642932000,0.00970873786407766600,0.00970873786407766600,1.00487804878048780000,0.00000000000000000000
789,0.00980392156862745000,0.50000000000000000000,0.50000000000000000000,0.09853292781642932000,0.00970873786407766600,0.00970873786407766600,1.00487804878048780000,0.00000000000000000000
788,0.00000000000000000000,0.00000000000000000000,0.00000000000000000000,0.00000000000000000000,-100000000000000000000000000000000000000.00000000000000000000,0.00000000000000000000,0.00000000000000000000,0.00000000000000000000
787,0.00000000000000000000,0.00000000000000000000,0.00000000000000000000,0.00000000000000000000,-100000000000000000000000000000000000000.00000000000000000000,0.00000000000000000000,0.00000000000000000000,0.00000000000000000000
786,0.00000000000000000000,0.00000000000000000000,0.00000000000000000000,0.00000000000000000000,-100000000000000000000000000000000000000.00000000000000000000,0.00000000000000000000,0.00000000000000000000,0.00000000000000000000
785,0.00000000000000000000,0.00000000000000000000,0.00000000000000000000,0.00000000000000000000,-100000000000000000000000000000000000000.00000000000000000000,0.00000000000000000000,0.00000000000000000000,0.00000000000000000000
784,0.00980392156862745000,0.50000000000000000000,0.50000000000000000000,0.09853292781642932000,0.00970873786407766600,0.00970873786407766600,1.00487804878048780000,0.00000000000000000000
799,0.00980392156862745000,0.50000000000000000000,0.50000000000000000000,0.09853292781642932000,0.00970873786407766600,0.00970873786407766600,1.00487804878048780000,0.00000000000000000000
797,2.00000000000000000000,1.00000000000000000000,1.00000000000000000000,1.00000000000000000000,1.00000000000000000000,1.00000000000000000000,2.00000000000000000000,10.09950493836207700000
796,0.00980392156862745000,0.50000000000000000000,0.50000000000000000000,0.09853292781642932000,0.00970873786407766600,0.00970873786407766600,1.00487804878048780000,0.00000000000000000000
795,0.00980392156862745000,0.50000000000000000000,0.50000000000000000000,0.09853292781642932000,0.00970873786407766600,0.00970873786407766600,1.00487804878048780000,0.00000000000000000000
794,0.00000000000000000000,0.00000000000000000000,0.00000000000000000000,0.00000000000000000000,-0.00970873786407766900,0.00000000000000000000,0.00000000000000000000,0.00000000000000000000
793,0.00000000000000000000,0.00000000000000000000,0.00000000000000000000,0.00000000000000000000,-100000000000000000000000000000000000000.00000000000000000000,0.00000000000000000000,0.00000000000000000000,0.00000000000000000000
792,0.00980392156862745000,0.50000000000000000000,0.50000000000000000000,0.09853292781642932000,0.00970873786407766600,0.00970873786407766600,1.00487804878048780000,0.00000000000000000000
774,0.00000000000000000000,0.00000000000000000000,0.00000000000000000000,0.00000000000000000000,-100000000000000000000000000000000000000.00000000000000000000,0.00000000000000000000,0.00000000000000000000,0.00000000000000000000
775,0.00000000000000000000,0.00000000000000000000,0.00000000000000000000,0.00000000000000000000,-100000000000000000000000000000000000000.00000000000000000000,0.00000000000000000000,0.00000000000000000000,0.00000000000000000000
772,0.00980392156862745000,0.50000000000000000000,0.50000000000000000000,0.09853292781642932000,0.00970873786407766600,0.00970873786407766600,1.00487804878048780000,0.00000000000000000000
773,0.00980392156862745000,0.50000000000000000000,0.50000000000000000000,0.09853292781642932000,0.00970873786407766600,0.00970873786407766600,1.00487804878048780000,0.00000000000000000000
770,0.00000000000000000000,0.00000000000000000000,0.00000000000000000000,0.00000000000000000000,-100000000000000000000000000000000000000.00000000000000000000,0.00000000000000000000,0.00000000000000000000,0.00000000000000000000
771,0.00980392156862745000,0.50000000000000000000,0.50000000000000000000,0.09853292781642932000,0.00970873786407766600,0.00970873786407766600,1.00487804878048780000,0.00000000000000000000
768,0.00000000000000000000,0.00000000000000000000,0.00000000000000000000,0.00000000000000000000,-100000000000000000000000000000000000000.00000000000000000000,0.00000000000000000000,0.00000000000000000000,0.00000000000000000000
769,0.00000000000000000000,0.00000000000000000000,0.00000000000000000000,0.00000000000000000000,-100000000000000000000000000000000000000.00000000000000000000,0.00000000000000000000,0.00000000000000000000,0.00000000000000000000
782,0.11111111111111110000,0.91891891891891900000,0.91891891891891900000,0.31622776601683794000,0.91262135922330100000,0.09999999999999998000,1.05263157894736840000,9.64365076099295500000
783,0.00980392156862745000,0.50000000000000000000,0.50000000000000000000,0.09853292781642932000,0.00970873786407766600,0.00970873786407766600,1.00487804878048780000,0.00000000000000000000
780,0.00980392156862745000,0.50000000000000000000,0.50000000000000000000,0.09853292781642932000,0.00970873786407766600,0.00970873786407766600,1.00487804878048780000,0.00000000000000000000
781,0.00980392156862745000,0.50000000000000000000,0.50000000000000000000,0.09853292781642932000,0.00970873786407766600,0.00970873786407766600,1.00487804878048780000,0.00000000000000000000
778,0.00000000000000000000,0.00000000000000000000,0.00000000000000000000,0.00000000000000000000,-100000000000000000000000000000000000000.00000000000000000000,0.00000000000000000000,0.00000000000000000000,0.00000000000000000000
779,0.00000000000000000000,0.00000000000000000000,0.00000000000000000000,0.00000000000000000000,-100000000000000000000000000000000000000.00000000000000000000,0.00000000000000000000,0.00000000000000000000,0.00000000000000000000
777,0.11111111111111110000,0.91891891891891900000,0.91891891891891900000,0.31622776601683794000,0.91262135922330100000,0.09999999999999998000,1.05263157894736840000,9.64365076099295500000
881,0.11111111111111110000,0.91891891891891900000,0.91891891891891900000,0.31622776601683794000,0.91262135922330100000,0.09999999999999998000,1.05263157894736840000,9.64365076099295500000
880,0.00000000000000000000,0.00000000000000000000,0.00000000000000000000,0.00000000000000000000,-100000000000000000000000000000000000000.00000000000000000000,0.00000000000000000000,0.00000000000000000000,0.00000000000000000000
4672,0.00000000000000000000,0.00000000000000000000,0.00000000000000000000,0.00000000000000000000,-0.12621359223300970000,0.00000000000000000000,0.00000000000000000000,0.00000000000000000000
4675,0.00000000000000000000,0.00000000000000000000,0.00000000000000000000,0.00000000000000000000,-100000000000000000000000000000000000000.00000000000000000000,0.00000000000000000000,0.00000000000000000000,0.00000000000000000000
883,0.11111111111111110000,0.91891891891891900000,0.91891891891891900000,0.31622776601683794000,0.91262135922330100000,0.09999999999999998000,1.05263157894736840000,9.64365076099295500000
882,0.00000000000000000000,0.00000000000000000000,0.00000000000000000000,0.00000000000000000000,-100000000000000000000000000000000000000.00000000000000000000,0.00000000000000000000,0.00000000000000000000,0.00000000000000000000
4674,0.00000000000000000000,0.00000000000000000000,0.00000000000000000000,0.00000000000000000000,-0.00970873786407766900,0.00000000000000000000,0.00000000000000000000,0.00000000000000000000
4677,0.01041666666666666600,0.51515151515151510000,0.51515151515151510000,0.10153461651336192000,0.06796116504854366000,0.01030927835051542700,1.00518134715025900000,2.44948974278317800000
885,0.20000000000000000000,0.95327102803738320000,0.95327102803738320000,0.40824829046386310000,0.95145631067961170000,0.16666666666666663000,1.09090909090909080000,9.84885780179610400000
884,0.11111111111111110000,0.91891891891891900000,0.91891891891891900000,0.31622776601683794000,0.91262135922330100000,0.09999999999999998000,1.05263157894736840000,9.64365076099295500000
4679,0.00000000000000000000,0.00000000000000000000,0.00000000000000000000,0.00000000000000000000,-0.01941747572815533800,0.00000000000000000000,0.00000000000000000000,0.00000000000000000000
887,0.00000000000000000000,0.00000000000000000000,0.00000000000000000000,0.00000000000000000000,-100000000000000000000000000000000000000.00000000000000000000,0.00000000000000000000,0.00000000000000000000,0.00000000000000000000
4678,0.00000000000000000000,0.00000000000000000000,0.00000000000000000000,0.00000000000000000000,-0.02912621359223301000,0.00000000000000000000,0.00000000000000000000,0.00000000000000000000
886,0.11111111111111110000,0.91891891891891900000,0.91891891891891900000,0.31622776601683794000,0.91262135922330100000,0.09999999999999998000,1.05263157894736840000,9.64365076099295500000
4681,0.00000000000000000000,0.00000000000000000000,0.00000000000000000000,0.00000000000000000000,-100000000000000000000000000000000000000.00000000000000000000,0.00000000000000000000,0.00000000000000000000,0.00000000000000000000
889,0.00000000000000000000,0.00000000000000000000,0.00000000000000000000,0.00000000000000000000,-100000000000000000000000000000000000000.00000000000000000000,0.00000000000000000000,0.00000000000000000000,0.00000000000000000000
4680,0.00000000000000000000,0.00000000000000000000,0.00000000000000000000,0.00000000000000000000,-0.08737864077669903000,0.00000000000000000000,0.00000000000000000000,0.00000000000000000000
888,0.00000000000000000000,0.00000000000000000000,0.00000000000000000000,0.00000000000000000000,-100000000000000000000000000000000000000.00000000000000000000,0.00000000000000000000,0.00000000000000000000,0.00000000000000000000
4683,0.00000000000000000000,0.00000000000000000000,0.00000000000000000000,0.00000000000000000000,-100000000000000000000000000000000000000.00000000000000000000,0.00000000000000000000,0.00000000000000000000,0.00000000000000000000
891,0.11111111111111110000,0.91891891891891900000,0.91891891891891900000,0.31622776601683794000,0.91262135922330100000,0.09999999999999998000,1.05263157894736840000,9.64365076099295500000
4682,0.00000000000000000000,0.00000000000000000000,0.00000000000000000000,0.00000000000000000000,-100000000000000000000000000000000000000.00000000000000000000,0.00000000000000000000,0.00000000000000000000,0.00000000000000000000
890,0.20000000000000000000,0.95327102803738320000,0.95327102803738320000,0.40824829046386310000,0.95145631067961170000,0.16666666666666663000,1.09090909090909080000,9.84885780179610400000
893,0.00000000000000000000,0.00000000000000000000,0.00000000000000000000,0.00000000000000000000,-100000000000000000000000000000000000000.00000000000000000000,0.00000000000000000000,0.00000000000000000000,0.00000000000000000000
4684,0.00000000000000000000,0.00000000000000000000,0.00000000000000000000,0.00000000000000000000,-0.08737864077669903000,0.00000000000000000000,0.00000000000000000000,0.00000000000000000000
892,0.00000000000000000000,0.00000000000000000000,0.00000000000000000000,0.00000000000000000000,-100000000000000000000000000000000000000.00000000000000000000,0.00000000000000000000,0.00000000000000000000,0.00000000000000000000
4687,0.00000000000000000000,0.00000000000000000000,0.00000000000000000000,0.00000000000000000000,-100000000000000000000000000000000000000.00000000000000000000,0.00000000000000000000,0.00000000000000000000,0.00000000000000000000
895,0.00000000000000000000,0.00000000000000000000,0.00000000000000000000,0.00000000000000000000,-100000000000000000000000000000000000000.00000000000000000000,0.00000000000000000000,0.00000000000000000000,0.00000000000000000000
4686,0.00000000000000000000,0.00000000000000000000,0.00000000000000000000,0.00000000000000000000,-100000000000000000000000000000000000000.00000000000000000000,0.00000000000000000000,0.00000000000000000000,0.00000000000000000000
894,0.00000000000000000000,0.00000000000000000000,0.00000000000000000000,0.00000000000000000000,-100000000000000000000000000000000000000.00000000000000000000,0.00000000000000000000,0.00000000000000000000,0.00000000000000000000
4688,0.00000000000000000000,0.00000000000000000000,0.00000000000000000000,0.00000000000000000000,-100000000000000000000000000000000000000.00000000000000000000,0.00000000000000000000,0.00000000000000000000,0.00000000000000000000
864,0.11111111111111110000,0.91891891891891900000,0.91891891891891900000,0.31622776601683794000,0.91262135922330100000,0.09999999999999998000,1.05263157894736840000,9.64365076099295500000
4689,0.00000000000000000000,0.00000000000000000000,0.00000000000000000000,0.00000000000000000000,-0.08737864077669903000,0.00000000000000000000,0.00000000000000000000,0.00000000000000000000
865,0.00000000000000000000,0.00000000000000000000,0.00000000000000000000,0.00000000000000000000,-100000000000000000000000000000000000000.00000000000000000000,0.00000000000000000000,0.00000000000000000000,0.00000000000000000000
4690,0.00000000000000000000,0.00000000000000000000,0.00000000000000000000,0.00000000000000000000,-0.08737864077669903000,0.00000000000000000000,0.00000000000000000000,0.00000000000000000000
866,0.00000000000000000000,0.00000000000000000000,0.00000000000000000000,0.00000000000000000000,-100000000000000000000000000000000000000.00000000000000000000,0.00000000000000000000,0.00000000000000000000,0.00000000000000000000
867,0.00980392156862745000,0.50000000000000000000,0.50000000000000000000,0.09853292781642932000,0.00970873786407766600,0.00970873786407766600,1.00487804878048780000,0.00000000000000000000
4691,1.00000000000000000000,0.99029126213592230000,0.99029126213592230000,0.70710678118654750000,0.99029126213592230000,0.50000000000000000000,1.33333333333333330000,10.04987562112089000000
868,0.00990099009900990100,0.50246305418719210000,0.50246305418719210000,0.09901475429766744000,0.01941747572815533000,0.00980392156862741600,1.00492610837438430000,1.00000000000000000000
4692,0.00000000000000000000,0.00000000000000000000,0.00000000000000000000,0.00000000000000000000,-0.50485436893203880000,0.00000000000000000000,0.00000000000000000000,0.00000000000000000000
869,0.00980392156862745000,0.50000000000000000000,0.50000000000000000000,0.09853292781642932000,0.00970873786407766600,0.00970873786407766600,1.00487804878048780000,0.00000000000000000000
4693,0.00000000000000000000,0.00000000000000000000,0.00000000000000000000,0.00000000000000000000,-0.00970873786407766900,0.00000000000000000000,0.00000000000000000000,0.00000000000000000000
870,0.00000000000000000000,0.00000000000000000000,0.00000000000000000000,0.00000000000000000000,-100000000000000000000000000000000000000.00000000000000000000,0.00000000000000000000,0.00000000000000000000,0.00000000000000000000
4694,0.00000000000000000000,0.00000000000000000000,0.00000000000000000000,0.00000000000000000000,-0.31067961165048540000,0.00000000000000000000,0.00000000000000000000,0.00000000000000000000
871,0.00000000000000000000,0.00000000000000000000,0.00000000000000000000,0.00000000000000000000,-100000000000000000000000000000000000000.00000000000000000000,0.00000000000000000000,0.00000000000000000000,0.00000000000000000000
4695,0.06666666666666667000,0.87179487179487180000,0.87179487179487180000,0.25000000000000000000,0.85436893203883500000,0.06250000000000000000,1.03225806451612900000,9.32737905308881600000
4696,0.00000000000000000000,0.00000000000000000000,0.00000000000000000000,0.00000000000000000000,-0.24271844660194175000,0.00000000000000000000,0.00000000000000000000,0.00000000000000000000
872,0.11111111111111110000,0.91891891891891900000,0.91891891891891900000,0.31622776601683794000,0.91262135922330100000,0.09999999999999998000,1.05263157894736840000,9.64365076099295500000
4697,0.00000000000000000000,0.00000000000000000000,0.00000000000000000000,0.00000000000000000000,-0.31067961165048540000,0.00000000000000000000,0.00000000000000000000,0.00000000000000000000
873,0.00000000000000000000,0.00000000000000000000,0.00000000000000000000,0.00000000000000000000,-100000000000000000000000000000000000000.00000000000000000000,0.00000000000000000000,0.00000000000000000000,0.00000000000000000000
874,0.00000000000000000000,0.00000000000000000000,0.00000000000000000000,0.00000000000000000000,-100000000000000000000000000000000000000.00000000000000000000,0.00000000000000000000,0.00000000000000000000,0.00000000000000000000
875,0.11111111111111110000,0.91891891891891900000,0.91891891891891900000,0.31622776601683794000,0.91262135922330100000,0.09999999999999998000,1.05263157894736840000,9.64365076099295500000
4699,0.00000000000000000000,0.00000000000000000000,0.00000000000000000000,0.00000000000000000000,-0.00970873786407766900,0.00000000000000000000,0.00000000000000000000,0.00000000000000000000
4700,0.00000000000000000000,0.00000000000000000000,0.00000000000000000000,0.00000000000000000000,-100000000000000000000000000000000000000.00000000000000000000,0.00000000000000000000,0.00000000000000000000,0.00000000000000000000
876,0.11111111111111110000,0.91891891891891900000,0.91891891891891900000,0.31622776601683794000,0.91262135922330100000,0.09999999999999998000,1.05263157894736840000,9.64365076099295500000
4701,0.00000000000000000000,0.00000000000000000000,0.00000000000000000000,0.00000000000000000000,-100000000000000000000000000000000000000.00000000000000000000,0.00000000000000000000,0.00000000000000000000,0.00000000000000000000
877,0.00000000000000000000,0.00000000000000000000,0.00000000000000000000,0.00000000000000000000,-100000000000000000000000000000000000000.00000000000000000000,0.00000000000000000000,0.00000000000000000000,0.00000000000000000000
878,0.00000000000000000000,0.00000000000000000000,0.00000000000000000000,0.00000000000000000000,-100000000000000000000000000000000000000.00000000000000000000,0.00000000000000000000,0.00000000000000000000,0.00000000000000000000
879,0.33333333333333330000,0.97142857142857150000,0.97142857142857150000,0.50000000000000000000,0.97087378640776700000,0.25000000000000000000,1.14285714285714280000,9.94987437106620000000
4707,0.00000000000000000000,0.00000000000000000000,0.00000000000000000000,0.00000000000000000000,-100000000000000000000000000000000000000.00000000000000000000,0.00000000000000000000,0.00000000000000000000,0.00000000000000000000
850,0.00000000000000000000,0.00000000000000000000,0.00000000000000000000,0.00000000000000000000,-100000000000000000000000000000000000000.00000000000000000000,0.00000000000000000000,0.00000000000000000000,0.00000000000000000000
4706,0.00000000000000000000,0.00000000000000000000,0.00000000000000000000,0.00000000000000000000,-0.08737864077669903000,0.00000000000000000000,0.00000000000000000000,0.00000000000000000000
849,0.00980392156862745000,0.50000000000000000000,0.50000000000000000000,0.09853292781642932000,0.00970873786407766600,0.00970873786407766600,1.00487804878048780000,0.00000000000000000000
4705,0.00000000000000000000,0.00000000000000000000,0.00000000000000000000,0.00000000000000000000,-0.08737864077669903000,0.00000000000000000000,0.00000000000000000000,0.00000000000000000000
848,0.00000000000000000000,0.00000000000000000000,0.00000000000000000000,0.00000000000000000000,-100000000000000000000000000000000000000.00000000000000000000,0.00000000000000000000,0.00000000000000000000,0.00000000000000000000
4704,0.00000000000000000000,0.00000000000000000000,0.00000000000000000000,0.00000000000000000000,-0.08737864077669903000,0.00000000000000000000,0.00000000000000000000,0.00000000000000000000
855,0.00000000000000000000,0.00000000000000000000,0.00000000000000000000,0.00000000000000000000,-100000000000000000000000000000000000000.00000000000000000000,0.00000000000000000000,0.00000000000000000000,0.00000000000000000000
4711,0.00000000000000000000,0.00000000000000000000,0.00000000000000000000,0.00000000000000000000,-0.01941747572815533800,0.00000000000000000000,0.00000000000000000000,0.00000000000000000000
854,0.00980392156862745000,0.50000000000000000000,0.50000000000000000000,0.09853292781642932000,0.00970873786407766600,0.00970873786407766600,1.00487804878048780000,0.00000000000000000000
4710,0.01010101010101010200,0.50746268656716420000,0.50746268656716420000,0.10000000000000000000,0.03883495145631066000,0.01000000000000000900,1.00502512562814060000,1.73205080756887720000
853,0.01010101010101010200,0.50746268656716420000,0.50746268656716420000,0.10000000000000000000,0.03883495145631066000,0.01000000000000000900,1.00502512562814060000,1.73205080756887720000
4709,0.00000000000000000000,0.00000000000000000000,0.00000000000000000000,0.00000000000000000000,-0.08737864077669903000,0.00000000000000000000,0.00000000000000000000,0.00000000000000000000
852,0.00980392156862745000,0.50000000000000000000,0.50000000000000000000,0.09853292781642932000,0.00970873786407766600,0.00970873786407766600,1.00487804878048780000,0.00000000000000000000
4708,0.00000000000000000000,0.00000000000000000000,0.00000000000000000000,0.00000000000000000000,-0.08737864077669903000,0.00000000000000000000,0.00000000000000000000,0.00000000000000000000
859,0.01538461538461538500,0.61077844311377250000,0.61077844311377250000,0.12309149097933272000,0.36893203883495140000,0.01515151515151513800,1.00763358778625940000,6.08276253029821900000
4715,0.00000000000000000000,0.00000000000000000000,0.00000000000000000000,0.00000000000000000000,-0.46601941747572817000,0.00000000000000000000,0.00000000000000000000,0.00000000000000000000
858,0.00000000000000000000,0.00000000000000000000,0.00000000000000000000,0.00000000000000000000,-100000000000000000000000000000000000000.00000000000000000000,0.00000000000000000000,0.00000000000000000000,0.00000000000000000000
4714,0.00000000000000000000,0.00000000000000000000,0.00000000000000000000,0.00000000000000000000,-0.46601941747572817000,0.00000000000000000000,0.00000000000000000000,0.00000000000000000000
857,0.00980392156862745000,0.50000000000000000000,0.50000000000000000000,0.09853292781642932000,0.00970873786407766600,0.00970873786407766600,1.00487804878048780000,0.00000000000000000000
4713,0.00000000000000000000,0.00000000000000000000,0.00000000000000000000,0.00000000000000000000,-0.46601941747572817000,0.00000000000000000000,0.00000000000000000000,0.00000000000000000000
856,0.00980392156862745000,0.50000000000000000000,0.50000000000000000000,0.09853292781642932000,0.00970873786407766600,0.00970873786407766600,1.00487804878048780000,0.00000000000000000000
4712,0.00000000000000000000,0.00000000000000000000,0.00000000000000000000,0.00000000000000000000,-0.46601941747572817000,0.00000000000000000000,0.00000000000000000000,0.00000000000000000000
863,0.11111111111111110000,0.91891891891891900000,0.91891891891891900000,0.31622776601683794000,0.91262135922330100000,0.09999999999999998000,1.05263157894736840000,9.64365076099295500000
4717,0.00000000000000000000,0.00000000000000000000,0.00000000000000000000,0.00000000000000000000,-100000000000000000000000000000000000000.00000000000000000000,0.00000000000000000000,0.00000000000000000000,0.00000000000000000000
861,0.00000000000000000000,0.00000000000000000000,0.00000000000000000000,0.00000000000000000000,-100000000000000000000000000000000000000.00000000000000000000,0.00000000000000000000,0.00000000000000000000,0.00000000000000000000
4716,0.00000000000000000000,0.00000000000000000000,0.00000000000000000000,0.00000000000000000000,-0.01941747572815533800,0.00000000000000000000,0.00000000000000000000,0.00000000000000000000
860,0.11111111111111110000,0.91891891891891900000,0.91891891891891900000,0.31622776601683794000,0.91262135922330100000,0.09999999999999998000,1.05263157894736840000,9.64365076099295500000
4722,0.00000000000000000000,0.00000000000000000000,0.00000000000000000000,0.00000000000000000000,-0.00970873786407766900,0.00000000000000000000,0.00000000000000000000,0.00000000000000000000
834,0.00980392156862745000,0.50000000000000000000,0.50000000000000000000,0.09853292781642932000,0.00970873786407766600,0.00970873786407766600,1.00487804878048780000,0.00000000000000000000
4723,0.00000000000000000000,0.00000000000000000000,0.00000000000000000000,0.00000000000000000000,-0.00970873786407766900,0.00000000000000000000,0.00000000000000000000,0.00000000000000000000
835,0.00000000000000000000,0.00000000000000000000,0.00000000000000000000,0.00000000000000000000,-100000000000000000000000000000000000000.00000000000000000000,0.00000000000000000000,0.00000000000000000000,0.00000000000000000000
832,0.00000000000000000000,0.00000000000000000000,0.00000000000000000000,0.00000000000000000000,-100000000000000000000000000000000000000.00000000000000000000,0.00000000000000000000,0.00000000000000000000,0.00000000000000000000
4720,0.00000000000000000000,0.00000000000000000000,0.00000000000000000000,0.00000000000000000000,-100000000000000000000000000000000000000.00000000000000000000,0.00000000000000000000,0.00000000000000000000,0.00000000000000000000
4721,0.00000000000000000000,0.00000000000000000000,0.00000000000000000000,0.00000000000000000000,-0.00970873786407766900,0.00000000000000000000,0.00000000000000000000,0.00000000000000000000
833,0.00000000000000000000,0.00000000000000000000,0.00000000000000000000,0.00000000000000000000,-100000000000000000000000000000000000000.00000000000000000000,0.00000000000000000000,0.00000000000000000000,0.00000000000000000000
838,0.00980392156862745000,0.50000000000000000000,0.50000000000000000000,0.09853292781642932000,0.00970873786407766600,0.00970873786407766600,1.00487804878048780000,0.00000000000000000000
839,0.00000000000000000000,0.00000000000000000000,0.00000000000000000000,0.00000000000000000000,-100000000000000000000000000000000000000.00000000000000000000,0.00000000000000000000,0.00000000000000000000,0.00000000000000000000
836,0.00980392156862745000,0.50000000000000000000,0.50000000000000000000,0.09853292781642932000,0.00970873786407766600,0.00970873786407766600,1.00487804878048780000,0.00000000000000000000
842,0.01000000000000000000,0.50495049504950500000,0.50495049504950500000,0.09950371902099892000,0.02912621359223299700,0.00990099009900991000,1.00497512437810950000,1.41421356237309510000
843,0.00000000000000000000,0.00000000000000000000,0.00000000000000000000,0.00000000000000000000,-100000000000000000000000000000000000000.00000000000000000000,0.00000000000000000000,0.00000000000000000000,0.00000000000000000000
840,0.00000000000000000000,0.00000000000000000000,0.00000000000000000000,0.00000000000000000000,-100000000000000000000000000000000000000.00000000000000000000,0.00000000000000000000,0.00000000000000000000,0.00000000000000000000
846,0.00000000000000000000,0.00000000000000000000,0.00000000000000000000,0.00000000000000000000,-100000000000000000000000000000000000000.00000000000000000000,0.00000000000000000000,0.00000000000000000000,0.00000000000000000000
847,0.00980392156862745000,0.50000000000000000000,0.50000000000000000000,0.09853292781642932000,0.00970873786407766600,0.00970873786407766600,1.00487804878048780000,0.00000000000000000000
956,0.00000000000000000000,0.00000000000000000000,0.00000000000000000000,0.00000000000000000000,-100000000000000000000000000000000000000.00000000000000000000,0.00000000000000000000,0.00000000000000000000,0.00000000000000000000
957,0.11111111111111110000,0.91891891891891900000,0.91891891891891900000,0.31622776601683794000,0.91262135922330100000,0.09999999999999998000,1.05263157894736840000,9.64365076099295500000
958,0.00000000000000000000,0.00000000000000000000,0.00000000000000000000,0.00000000000000000000,-100000000000000000000000000000000000000.00000000000000000000,0.00000000000000000000,0.00000000000000000000,0.00000000000000000000
952,0.14285714285714285000,0.93577981651376150000,0.93577981651376150000,0.35355339059327373000,0.93203883495145630000,0.12500000000000000000,1.06666666666666670000,9.74679434480896300000
953,0.11111111111111110000,0.91891891891891900000,0.91891891891891900000,0.31622776601683794000,0.91262135922330100000,0.09999999999999998000,1.05263157894736840000,9.64365076099295500000
954,0.11111111111111110000,0.91891891891891900000,0.91891891891891900000,0.31622776601683794000,0.91262135922330100000,0.09999999999999998000,1.05263157894736840000,9.64365076099295500000
955,0.11111111111111110000,0.91891891891891900000,0.91891891891891900000,0.31622776601683794000,0.91262135922330100000,0.09999999999999998000,1.05263157894736840000,9.64365076099295500000
949,0.14285714285714285000,0.93577981651376150000,0.93577981651376150000,0.35355339059327373000,0.93203883495145630000,0.12500000000000000000,1.06666666666666670000,9.74679434480896300000
950,0.14285714285714285000,0.93577981651376150000,0.93577981651376150000,0.35355339059327373000,0.93203883495145630000,0.12500000000000000000,1.06666666666666670000,9.74679434480896300000
951,0.14285714285714285000,0.93577981651376150000,0.93577981651376150000,0.35355339059327373000,0.93203883495145630000,0.12500000000000000000,1.06666666666666670000,9.74679434480896300000
941,0.00000000000000000000,0.00000000000000000000,0.00000000000000000000,0.00000000000000000000,-100000000000000000000000000000000000000.00000000000000000000,0.00000000000000000000,0.00000000000000000000,0.00000000000000000000
940,0.00000000000000000000,0.00000000000000000000,0.00000000000000000000,0.00000000000000000000,-100000000000000000000000000000000000000.00000000000000000000,0.00000000000000000000,0.00000000000000000000,0.00000000000000000000
943,0.00000000000000000000,0.00000000000000000000,0.00000000000000000000,0.00000000000000000000,-100000000000000000000000000000000000000.00000000000000000000,0.00000000000000000000,0.00000000000000000000,0.00000000000000000000
937,0.00000000000000000000,0.00000000000000000000,0.00000000000000000000,0.00000000000000000000,-0.02912621359223301000,0.00000000000000000000,0.00000000000000000000,0.00000000000000000000
939,0.00000000000000000000,0.00000000000000000000,0.00000000000000000000,0.00000000000000000000,-0.02912621359223301000,0.00000000000000000000,0.00000000000000000000,0.00000000000000000000
938,0.00000000000000000000,0.00000000000000000000,0.00000000000000000000,0.00000000000000000000,-0.02912621359223301000,0.00000000000000000000,0.00000000000000000000,0.00000000000000000000
933,0.11111111111111110000,0.91891891891891900000,0.91891891891891900000,0.31622776601683794000,0.91262135922330100000,0.09999999999999998000,1.05263157894736840000,9.64365076099295500000
932,0.11111111111111110000,0.91891891891891900000,0.91891891891891900000,0.31622776601683794000,0.91262135922330100000,0.09999999999999998000,1.05263157894736840000,9.64365076099295500000
935,0.11111111111111110000,0.91891891891891900000,0.91891891891891900000,0.31622776601683794000,0.91262135922330100000,0.09999999999999998000,1.05263157894736840000,9.64365076099295500000
934,0.00000000000000000000,0.00000000000000000000,0.00000000000000000000,0.00000000000000000000,-100000000000000000000000000000000000000.00000000000000000000,0.00000000000000000000,0.00000000000000000000,0.00000000000000000000
929,0.01470588235294117600,0.60000000000000010000,0.60000000000000010000,0.12038585308576920000,0.33980582524271840000,0.01449275362318836000,1.00729927007299280000,5.83095189484530100000
928,0.25000000000000000000,0.96226415094339610000,0.96226415094339610000,0.44721359549995790000,0.96116504854368930000,0.19999999999999996000,1.11111111111111120000,9.89949493661166500000
931,0.00000000000000000000,0.00000000000000000000,0.00000000000000000000,0.00000000000000000000,-100000000000000000000000000000000000000.00000000000000000000,0.00000000000000000000,0.00000000000000000000,0.00000000000000000000
926,0.11111111111111110000,0.91891891891891900000,0.91891891891891900000,0.31622776601683794000,0.91262135922330100000,0.09999999999999998000,1.05263157894736840000,9.64365076099295500000
927,0.25000000000000000000,0.96226415094339610000,0.96226415094339610000,0.44721359549995790000,0.96116504854368930000,0.19999999999999996000,1.11111111111111120000,9.89949493661166500000
924,2.00000000000000000000,1.00000000000000000000,1.00000000000000000000,1.00000000000000000000,1.00000000000000000000,1.00000000000000000000,2.00000000000000000000,10.09950493836207700000
925,0.20000000000000000000,0.95327102803738320000,0.95327102803738320000,0.40824829046386310000,0.95145631067961170000,0.16666666666666663000,1.09090909090909080000,9.84885780179610400000
922,0.11111111111111110000,0.91891891891891900000,0.91891891891891900000,0.31622776601683794000,0.91262135922330100000,0.09999999999999998000,1.05263157894736840000,9.64365076099295500000
923,0.20000000000000000000,0.95327102803738320000,0.95327102803738320000,0.40824829046386310000,0.95145631067961170000,0.16666666666666663000,1.09090909090909080000,9.84885780179610400000
920,0.00000000000000000000,0.00000000000000000000,0.00000000000000000000,0.00000000000000000000,-0.02912621359223301000,0.00000000000000000000,0.00000000000000000000,0.00000000000000000000
921,0.00000000000000000000,0.00000000000000000000,0.00000000000000000000,0.00000000000000000000,-0.02912621359223301000,0.00000000000000000000,0.00000000000000000000,0.00000000000000000000
918,0.14285714285714285000,0.93577981651376150000,0.93577981651376150000,0.35355339059327373000,0.93203883495145630000,0.12500000000000000000,1.06666666666666670000,9.74679434480896300000
919,0.00000000000000000000,0.00000000000000000000,0.00000000000000000000,0.00000000000000000000,-0.03883495145631067600,0.00000000000000000000,0.00000000000000000000,0.00000000000000000000
916,0.00000000000000000000,0.00000000000000000000,0.00000000000000000000,0.00000000000000000000,-0.00970873786407766900,0.00000000000000000000,0.00000000000000000000,0.00000000000000000000
917,0.00000000000000000000,0.00000000000000000000,0.00000000000000000000,0.00000000000000000000,-100000000000000000000000000000000000000.00000000000000000000,0.00000000000000000000,0.00000000000000000000,0.00000000000000000000
914,0.00000000000000000000,0.00000000000000000000,0.00000000000000000000,0.00000000000000000000,-100000000000000000000000000000000000000.00000000000000000000,0.00000000000000000000,0.00000000000000000000,0.00000000000000000000
915,0.11111111111111110000,0.91891891891891900000,0.91891891891891900000,0.31622776601683794000,0.91262135922330100000,0.09999999999999998000,1.05263157894736840000,9.64365076099295500000
912,0.11111111111111110000,0.91891891891891900000,0.91891891891891900000,0.31622776601683794000,0.91262135922330100000,0.09999999999999998000,1.05263157894736840000,9.64365076099295500000
913,0.11111111111111110000,0.91891891891891900000,0.91891891891891900000,0.31622776601683794000,0.91262135922330100000,0.09999999999999998000,1.05263157894736840000,9.64365076099295500000
911,0.11111111111111110000,0.91891891891891900000,0.91891891891891900000,0.31622776601683794000,0.91262135922330100000,0.09999999999999998000,1.05263157894736840000,9.64365076099295500000
910,0.00000000000000000000,0.00000000000000000000,0.00000000000000000000,0.00000000000000000000,-100000000000000000000000000000000000000.00000000000000000000,0.00000000000000000000,0.00000000000000000000,0.00000000000000000000
909,0.11111111111111110000,0.91891891891891900000,0.91891891891891900000,0.31622776601683794000,0.91262135922330100000,0.09999999999999998000,1.05263157894736840000,9.64365076099295500000
908,0.11111111111111110000,0.91891891891891900000,0.91891891891891900000,0.31622776601683794000,0.91262135922330100000,0.09999999999999998000,1.05263157894736840000,9.64365076099295500000
907,0.00000000000000000000,0.00000000000000000000,0.00000000000000000000,0.00000000000000000000,-0.00970873786407766900,0.00000000000000000000,0.00000000000000000000,0.00000000000000000000
906,0.00000000000000000000,0.00000000000000000000,0.00000000000000000000,0.00000000000000000000,-100000000000000000000000000000000000000.00000000000000000000,0.00000000000000000000,0.00000000000000000000,0.00000000000000000000
905,0.11111111111111110000,0.91891891891891900000,0.91891891891891900000,0.31622776601683794000,0.91262135922330100000,0.09999999999999998000,1.05263157894736840000,9.64365076099295500000
904,0.11111111111111110000,0.91891891891891900000,0.91891891891891900000,0.31622776601683794000,0.91262135922330100000,0.09999999999999998000,1.05263157894736840000,9.64365076099295500000
902,0.00000000000000000000,0.00000000000000000000,0.00000000000000000000,0.00000000000000000000,-100000000000000000000000000000000000000.00000000000000000000,0.00000000000000000000,0.00000000000000000000,0.00000000000000000000
901,0.00000000000000000000,0.00000000000000000000,0.00000000000000000000,0.00000000000000000000,-100000000000000000000000000000000000000.00000000000000000000,0.00000000000000000000,0.00000000000000000000,0.00000000000000000000
4788,0.00000000000000000000,0.00000000000000000000,0.00000000000000000000,0.00000000000000000000,-100000000000000000000000000000000000000.00000000000000000000,0.00000000000000000000,0.00000000000000000000,0.00000000000000000000
900,0.00000000000000000000,0.00000000000000000000,0.00000000000000000000,0.00000000000000000000,-100000000000000000000000000000000000000.00000000000000000000,0.00000000000000000000,0.00000000000000000000,0.00000000000000000000
899,0.00000000000000000000,0.00000000000000000000,0.00000000000000000000,0.00000000000000000000,-0.00970873786407766900,0.00000000000000000000,0.00000000000000000000,0.00000000000000000000
898,0.00000000000000000000,0.00000000000000000000,0.00000000000000000000,0.00000000000000000000,-0.00970873786407766900,0.00000000000000000000,0.00000000000000000000,0.00000000000000000000
897,0.00000000000000000000,0.00000000000000000000,0.00000000000000000000,0.00000000000000000000,-100000000000000000000000000000000000000.00000000000000000000,0.00000000000000000000,0.00000000000000000000,0.00000000000000000000
896,0.11111111111111110000,0.91891891891891900000,0.91891891891891900000,0.31622776601683794000,0.91262135922330100000,0.09999999999999998000,1.05263157894736840000,9.64365076099295500000
1016,0.00000000000000000000,0.00000000000000000000,0.00000000000000000000,0.00000000000000000000,-100000000000000000000000000000000000000.00000000000000000000,0.00000000000000000000,0.00000000000000000000,0.00000000000000000000
1017,0.11111111111111110000,0.91891891891891900000,0.91891891891891900000,0.31622776601683794000,0.91262135922330100000,0.09999999999999998000,1.05263157894736840000,9.64365076099295500000
1018,0.11111111111111110000,0.91891891891891900000,0.91891891891891900000,0.31622776601683794000,0.91262135922330100000,0.09999999999999998000,1.05263157894736840000,9.64365076099295500000
1019,0.00000000000000000000,0.00000000000000000000,0.00000000000000000000,0.00000000000000000000,-100000000000000000000000000000000000000.00000000000000000000,0.00000000000000000000,0.00000000000000000000,0.00000000000000000000
1020,0.00000000000000000000,0.00000000000000000000,0.00000000000000000000,0.00000000000000000000,-100000000000000000000000000000000000000.00000000000000000000,0.00000000000000000000,0.00000000000000000000,0.00000000000000000000
1021,0.00000000000000000000,0.00000000000000000000,0.00000000000000000000,0.00000000000000000000,-100000000000000000000000000000000000000.00000000000000000000,0.00000000000000000000,0.00000000000000000000,0.00000000000000000000
1022,0.00000000000000000000,0.00000000000000000000,0.00000000000000000000,0.00000000000000000000,-0.02912621359223301000,0.00000000000000000000,0.00000000000000000000,0.00000000000000000000
1008,0.00000000000000000000,0.00000000000000000000,0.00000000000000000000,0.00000000000000000000,-100000000000000000000000000000000000000.00000000000000000000,0.00000000000000000000,0.00000000000000000000,0.00000000000000000000
1009,0.33333333333333330000,0.97142857142857150000,0.97142857142857150000,0.50000000000000000000,0.97087378640776700000,0.25000000000000000000,1.14285714285714280000,9.94987437106620000000
1010,0.00000000000000000000,0.00000000000000000000,0.00000000000000000000,0.00000000000000000000,-100000000000000000000000000000000000000.00000000000000000000,0.00000000000000000000,0.00000000000000000000,0.00000000000000000000
1011,0.00000000000000000000,0.00000000000000000000,0.00000000000000000000,0.00000000000000000000,-100000000000000000000000000000000000000.00000000000000000000,0.00000000000000000000,0.00000000000000000000,0.00000000000000000000
1014,0.00000000000000000000,0.00000000000000000000,0.00000000000000000000,0.00000000000000000000,-0.02912621359223301000,0.00000000000000000000,0.00000000000000000000,0.00000000000000000000
1015,0.00000000000000000000,0.00000000000000000000,0.00000000000000000000,0.00000000000000000000,-0.02912621359223301000,0.00000000000000000000,0.00000000000000000000,0.00000000000000000000
1001,0.00000000000000000000,0.00000000000000000000,0.00000000000000000000,0.00000000000000000000,-100000000000000000000000000000000000000.00000000000000000000,0.00000000000000000000,0.00000000000000000000,0.00000000000000000000
1000,0.00000000000000000000,0.00000000000000000000,0.00000000000000000000,0.00000000000000000000,-100000000000000000000000000000000000000.00000000000000000000,0.00000000000000000000,0.00000000000000000000,0.00000000000000000000
1003,0.14285714285714285000,0.93577981651376150000,0.93577981651376150000,0.35355339059327373000,0.93203883495145630000,0.12500000000000000000,1.06666666666666670000,9.74679434480896300000
1002,0.01136363636363636400,0.53684210526315790000,0.53684210526315790000,0.10599978800063600000,0.14563106796116510000,0.01123595505617980300,1.00564971751412440000,3.74165738677394130000
1005,0.00000000000000000000,0.00000000000000000000,0.00000000000000000000,0.00000000000000000000,-0.01941747572815533800,0.00000000000000000000,0.00000000000000000000,0.00000000000000000000
1004,0.00000000000000000000,0.00000000000000000000,0.00000000000000000000,0.00000000000000000000,-0.01941747572815533800,0.00000000000000000000,0.00000000000000000000,0.00000000000000000000
1007,0.00000000000000000000,0.00000000000000000000,0.00000000000000000000,0.00000000000000000000,-0.01941747572815533800,0.00000000000000000000,0.00000000000000000000,0.00000000000000000000
1006,0.00000000000000000000,0.00000000000000000000,0.00000000000000000000,0.00000000000000000000,-100000000000000000000000000000000000000.00000000000000000000,0.00000000000000000000,0.00000000000000000000,0.00000000000000000000
993,0.02857142857142857000,0.74452554744525550000,0.74452554744525550000,0.16666666666666666000,0.66019417475728150000,0.02777777777777779000,1.01408450704225350000,8.18535277187245000000
992,0.02857142857142857000,0.74452554744525550000,0.74452554744525550000,0.16666666666666666000,0.66019417475728150000,0.02777777777777779000,1.01408450704225350000,8.18535277187245000000
995,0.00980392156862745000,0.50000000000000000000,0.50000000000000000000,0.09853292781642932000,0.00970873786407766600,0.00970873786407766600,1.00487804878048780000,0.00000000000000000000
994,0.02857142857142857000,0.74452554744525550000,0.74452554744525550000,0.16666666666666666000,0.66019417475728150000,0.02777777777777779000,1.01408450704225350000,8.18535277187245000000
997,0.01086956521739130400,0.52577319587628870000,0.52577319587628870000,0.10369516947304253000,0.10679611650485432000,0.01075268817204300100,1.00540540540540540000,3.16227766016837950000
996,0.01086956521739130400,0.52577319587628870000,0.52577319587628870000,0.10369516947304253000,0.10679611650485432000,0.01075268817204300100,1.00540540540540540000,3.16227766016837950000
999,0.00980392156862745000,0.50000000000000000000,0.50000000000000000000,0.09853292781642932000,0.00970873786407766600,0.00970873786407766600,1.00487804878048780000,0.00000000000000000000
998,0.01086956521739130400,0.52577319587628870000,0.52577319587628870000,0.10369516947304253000,0.10679611650485432000,0.01075268817204300100,1.00540540540540540000,3.16227766016837950000
986,0.00000000000000000000,0.00000000000000000000,0.00000000000000000000,0.00000000000000000000,-100000000000000000000000000000000000000.00000000000000000000,0.00000000000000000000,0.00000000000000000000,0.00000000000000000000
984,0.01136363636363636400,0.53684210526315790000,0.53684210526315790000,0.10599978800063600000,0.14563106796116510000,0.01123595505617980300,1.00564971751412440000,3.74165738677394130000
985,0.01098901098901099000,0.52849740932642490000,0.52849740932642490000,0.10425720702853739000,0.11650485436893199000,0.01086956521739135300,1.00546448087431700000,3.31662479035540000000
990,0.02857142857142857000,0.74452554744525550000,0.74452554744525550000,0.16666666666666666000,0.66019417475728150000,0.02777777777777779000,1.01408450704225350000,8.18535277187245000000
991,0.00000000000000000000,0.00000000000000000000,0.00000000000000000000,0.00000000000000000000,-100000000000000000000000000000000000000.00000000000000000000,0.00000000000000000000,0.00000000000000000000,0.00000000000000000000
988,0.02857142857142857000,0.74452554744525550000,0.74452554744525550000,0.16666666666666666000,0.66019417475728150000,0.02777777777777779000,1.01408450704225350000,8.18535277187245000000
989,0.02857142857142857000,0.74452554744525550000,0.74452554744525550000,0.16666666666666666000,0.66019417475728150000,0.02777777777777779000,1.01408450704225350000,8.18535277187245000000
976,0.00000000000000000000,0.00000000000000000000,0.00000000000000000000,0.00000000000000000000,-100000000000000000000000000000000000000.00000000000000000000,0.00000000000000000000,0.00000000000000000000,0.00000000000000000000
982,0.00000000000000000000,0.00000000000000000000,0.00000000000000000000,0.00000000000000000000,-100000000000000000000000000000000000000.00000000000000000000,0.00000000000000000000,0.00000000000000000000,0.00000000000000000000
981,0.01149425287356321800,0.53968253968253970000,0.53968253968253970000,0.10660035817780521000,0.15533980582524276000,0.01136363636363635400,1.00571428571428580000,3.87298334620741700000
971,0.11111111111111110000,0.91891891891891900000,0.91891891891891900000,0.31622776601683794000,0.91262135922330100000,0.09999999999999998000,1.05263157894736840000,9.64365076099295500000
970,0.11111111111111110000,0.91891891891891900000,0.91891891891891900000,0.31622776601683794000,0.91262135922330100000,0.09999999999999998000,1.05263157894736840000,9.64365076099295500000
969,0.00000000000000000000,0.00000000000000000000,0.00000000000000000000,0.00000000000000000000,-100000000000000000000000000000000000000.00000000000000000000,0.00000000000000000000,0.00000000000000000000,0.00000000000000000000
968,0.11111111111111110000,0.91891891891891900000,0.91891891891891900000,0.31622776601683794000,0.91262135922330100000,0.09999999999999998000,1.05263157894736840000,9.64365076099295500000
975,0.00000000000000000000,0.00000000000000000000,0.00000000000000000000,0.00000000000000000000,-100000000000000000000000000000000000000.00000000000000000000,0.00000000000000000000,0.00000000000000000000,0.00000000000000000000
974,0.00000000000000000000,0.00000000000000000000,0.00000000000000000000,0.00000000000000000000,-100000000000000000000000000000000000000.00000000000000000000,0.00000000000000000000,0.00000000000000000000,0.00000000000000000000
973,0.11111111111111110000,0.91891891891891900000,0.91891891891891900000,0.31622776601683794000,0.91262135922330100000,0.09999999999999998000,1.05263157894736840000,9.64365076099295500000
972,0.00000000000000000000,0.00000000000000000000,0.00000000000000000000,0.00000000000000000000,-100000000000000000000000000000000000000.00000000000000000000,0.00000000000000000000,0.00000000000000000000,0.00000000000000000000
963,0.00000000000000000000,0.00000000000000000000,0.00000000000000000000,0.00000000000000000000,-100000000000000000000000000000000000000.00000000000000000000,0.00000000000000000000,0.00000000000000000000,0.00000000000000000000
962,0.11111111111111110000,0.91891891891891900000,0.91891891891891900000,0.31622776601683794000,0.91262135922330100000,0.09999999999999998000,1.05263157894736840000,9.64365076099295500000
961,0.11111111111111110000,0.91891891891891900000,0.91891891891891900000,0.31622776601683794000,0.91262135922330100000,0.09999999999999998000,1.05263157894736840000,9.64365076099295500000
967,0.11111111111111110000,0.91891891891891900000,0.91891891891891900000,0.31622776601683794000,0.91262135922330100000,0.09999999999999998000,1.05263157894736840000,9.64365076099295500000
966,0.11111111111111110000,0.91891891891891900000,0.91891891891891900000,0.31622776601683794000,0.91262135922330100000,0.09999999999999998000,1.05263157894736840000,9.64365076099295500000
965,0.11111111111111110000,0.91891891891891900000,0.91891891891891900000,0.31622776601683794000,0.91262135922330100000,0.09999999999999998000,1.05263157894736840000,9.64365076099295500000
964,0.11111111111111110000,0.91891891891891900000,0.91891891891891900000,0.31622776601683794000,0.91262135922330100000,0.09999999999999998000,1.05263157894736840000,9.64365076099295500000
1117,0.00000000000000000000,0.00000000000000000000,0.00000000000000000000,0.00000000000000000000,-100000000000000000000000000000000000000.00000000000000000000,0.00000000000000000000,0.00000000000000000000,0.00000000000000000000
1116,0.00000000000000000000,0.00000000000000000000,0.00000000000000000000,0.00000000000000000000,-100000000000000000000000000000000000000.00000000000000000000,0.00000000000000000000,0.00000000000000000000,0.00000000000000000000
1119,0.00000000000000000000,0.00000000000000000000,0.00000000000000000000,0.00000000000000000000,-100000000000000000000000000000000000000.00000000000000000000,0.00000000000000000000,0.00000000000000000000,0.00000000000000000000
1118,0.02702702702702703000,0.73381294964028780000,0.73381294964028780000,0.16222142113076254000,0.64077669902912620000,0.02631578947368418000,1.01333333333333340000,8.06225774829855000000
1115,0.02500000000000000000,0.71830985915492960000,0.71830985915492960000,0.15617376188860607000,0.61165048543689320000,0.02439024390243904600,1.01234567901234570000,7.87400787401181100000
1134,0.02702702702702703000,0.73381294964028780000,0.73381294964028780000,0.16222142113076254000,0.64077669902912620000,0.02631578947368418000,1.01333333333333340000,8.06225774829855000000
1133,0.02702702702702703000,0.73381294964028780000,0.73381294964028780000,0.16222142113076254000,0.64077669902912620000,0.02631578947368418000,1.01333333333333340000,8.06225774829855000000
1130,0.02702702702702703000,0.73381294964028780000,0.73381294964028780000,0.16222142113076254000,0.64077669902912620000,0.02631578947368418000,1.01333333333333340000,8.06225774829855000000
1131,0.00000000000000000000,0.00000000000000000000,0.00000000000000000000,0.00000000000000000000,-100000000000000000000000000000000000000.00000000000000000000,0.00000000000000000000,0.00000000000000000000,0.00000000000000000000
1128,0.02500000000000000000,0.71830985915492960000,0.71830985915492960000,0.15617376188860607000,0.61165048543689320000,0.02439024390243904600,1.01234567901234570000,7.87400787401181100000
1126,0.00990099009900990100,0.50246305418719210000,0.50246305418719210000,0.09901475429766744000,0.01941747572815533000,0.00980392156862741600,1.00492610837438430000,1.00000000000000000000
1124,0.00000000000000000000,0.00000000000000000000,0.00000000000000000000,0.00000000000000000000,-100000000000000000000000000000000000000.00000000000000000000,0.00000000000000000000,0.00000000000000000000,0.00000000000000000000
1125,0.00990099009900990100,0.50246305418719210000,0.50246305418719210000,0.09901475429766744000,0.01941747572815533000,0.00980392156862741600,1.00492610837438430000,1.00000000000000000000
1122,0.02702702702702703000,0.73381294964028780000,0.73381294964028780000,0.16222142113076254000,0.64077669902912620000,0.02631578947368418000,1.01333333333333340000,8.06225774829855000000
1123,0.02702702702702703000,0.73381294964028780000,0.73381294964028780000,0.16222142113076254000,0.64077669902912620000,0.02631578947368418000,1.01333333333333340000,8.06225774829855000000
1120,0.02702702702702703000,0.73381294964028780000,0.73381294964028780000,0.16222142113076254000,0.64077669902912620000,0.02631578947368418000,1.01333333333333340000,8.06225774829855000000
1121,0.02702702702702703000,0.73381294964028780000,0.73381294964028780000,0.16222142113076254000,0.64077669902912620000,0.02631578947368418000,1.01333333333333340000,8.06225774829855000000
1138,0.00000000000000000000,0.00000000000000000000,0.00000000000000000000,0.00000000000000000000,-100000000000000000000000000000000000000.00000000000000000000,0.00000000000000000000,0.00000000000000000000,0.00000000000000000000
1137,0.02702702702702703000,0.73381294964028780000,0.73381294964028780000,0.16222142113076254000,0.64077669902912620000,0.02631578947368418000,1.01333333333333340000,8.06225774829855000000
1136,0.02702702702702703000,0.73381294964028780000,0.73381294964028780000,0.16222142113076254000,0.64077669902912620000,0.02631578947368418000,1.01333333333333340000,8.06225774829855000000
1034,0.00980392156862745000,0.50000000000000000000,0.50000000000000000000,0.09853292781642932000,0.00970873786407766600,0.00970873786407766600,1.00487804878048780000,0.00000000000000000000
1035,0.00000000000000000000,0.00000000000000000000,0.00000000000000000000,0.00000000000000000000,-100000000000000000000000000000000000000.00000000000000000000,0.00000000000000000000,0.00000000000000000000,0.00000000000000000000
1036,0.00000000000000000000,0.00000000000000000000,0.00000000000000000000,0.00000000000000000000,-100000000000000000000000000000000000000.00000000000000000000,0.00000000000000000000,0.00000000000000000000,0.00000000000000000000
1037,0.00980392156862745000,0.50000000000000000000,0.50000000000000000000,0.09853292781642932000,0.00970873786407766600,0.00970873786407766600,1.00487804878048780000,0.00000000000000000000
1039,0.00980392156862745000,0.50000000000000000000,0.50000000000000000000,0.09853292781642932000,0.00970873786407766600,0.00970873786407766600,1.00487804878048780000,0.00000000000000000000
1024,0.00000000000000000000,0.00000000000000000000,0.00000000000000000000,0.00000000000000000000,-100000000000000000000000000000000000000.00000000000000000000,0.00000000000000000000,0.00000000000000000000,0.00000000000000000000
1025,0.00000000000000000000,0.00000000000000000000,0.00000000000000000000,0.00000000000000000000,-100000000000000000000000000000000000000.00000000000000000000,0.00000000000000000000,0.00000000000000000000,0.00000000000000000000
1027,0.00980392156862745000,0.50000000000000000000,0.50000000000000000000,0.09853292781642932000,0.00970873786407766600,0.00970873786407766600,1.00487804878048780000,0.00000000000000000000
1028,0.00980392156862745000,0.50000000000000000000,0.50000000000000000000,0.09853292781642932000,0.00970873786407766600,0.00970873786407766600,1.00487804878048780000,0.00000000000000000000
1048,0.00980392156862745000,0.50000000000000000000,0.50000000000000000000,0.09853292781642932000,0.00970873786407766600,0.00970873786407766600,1.00487804878048780000,0.00000000000000000000
1051,0.00000000000000000000,0.00000000000000000000,0.00000000000000000000,0.00000000000000000000,-100000000000000000000000000000000000000.00000000000000000000,0.00000000000000000000,0.00000000000000000000,0.00000000000000000000
1050,0.00000000000000000000,0.00000000000000000000,0.00000000000000000000,0.00000000000000000000,-100000000000000000000000000000000000000.00000000000000000000,0.00000000000000000000,0.00000000000000000000,0.00000000000000000000
1053,0.00000000000000000000,0.00000000000000000000,0.00000000000000000000,0.00000000000000000000,-100000000000000000000000000000000000000.00000000000000000000,0.00000000000000000000,0.00000000000000000000,0.00000000000000000000
1052,0.00000000000000000000,0.00000000000000000000,0.00000000000000000000,0.00000000000000000000,-100000000000000000000000000000000000000.00000000000000000000,0.00000000000000000000,0.00000000000000000000,0.00000000000000000000
1055,0.00980392156862745000,0.50000000000000000000,0.50000000000000000000,0.09853292781642932000,0.00970873786407766600,0.00970873786407766600,1.00487804878048780000,0.00000000000000000000
1054,0.00000000000000000000,0.00000000000000000000,0.00000000000000000000,0.00000000000000000000,-100000000000000000000000000000000000000.00000000000000000000,0.00000000000000000000,0.00000000000000000000,0.00000000000000000000
1041,0.00980392156862745000,0.50000000000000000000,0.50000000000000000000,0.09853292781642932000,0.00970873786407766600,0.00970873786407766600,1.00487804878048780000,0.00000000000000000000
1040,0.00000000000000000000,0.00000000000000000000,0.00000000000000000000,0.00000000000000000000,-100000000000000000000000000000000000000.00000000000000000000,0.00000000000000000000,0.00000000000000000000,0.00000000000000000000
5411,0.00000000000000000000,0.00000000000000000000,0.00000000000000000000,0.00000000000000000000,-0.02912621359223301000,0.00000000000000000000,0.00000000000000000000,0.00000000000000000000
1043,0.00000000000000000000,0.00000000000000000000,0.00000000000000000000,0.00000000000000000000,-100000000000000000000000000000000000000.00000000000000000000,0.00000000000000000000,0.00000000000000000000,0.00000000000000000000
1042,0.00000000000000000000,0.00000000000000000000,0.00000000000000000000,0.00000000000000000000,-100000000000000000000000000000000000000.00000000000000000000,0.00000000000000000000,0.00000000000000000000,0.00000000000000000000
1044,0.00980392156862745000,0.50000000000000000000,0.50000000000000000000,0.09853292781642932000,0.00970873786407766600,0.00970873786407766600,1.00487804878048780000,0.00000000000000000000
1047,0.00980392156862745000,0.50000000000000000000,0.50000000000000000000,0.09853292781642932000,0.00970873786407766600,0.00970873786407766600,1.00487804878048780000,0.00000000000000000000
1066,0.00980392156862745000,0.50000000000000000000,0.50000000000000000000,0.09853292781642932000,0.00970873786407766600,0.00970873786407766600,1.00487804878048780000,0.00000000000000000000
1067,0.00980392156862745000,0.50000000000000000000,0.50000000000000000000,0.09853292781642932000,0.00970873786407766600,0.00970873786407766600,1.00487804878048780000,0.00000000000000000000
1064,0.00980392156862745000,0.50000000000000000000,0.50000000000000000000,0.09853292781642932000,0.00970873786407766600,0.00970873786407766600,1.00487804878048780000,0.00000000000000000000
1065,0.00000000000000000000,0.00000000000000000000,0.00000000000000000000,0.00000000000000000000,-100000000000000000000000000000000000000.00000000000000000000,0.00000000000000000000,0.00000000000000000000,0.00000000000000000000
1070,0.00980392156862745000,0.50000000000000000000,0.50000000000000000000,0.09853292781642932000,0.00970873786407766600,0.00970873786407766600,1.00487804878048780000,0.00000000000000000000
5407,0.00000000000000000000,0.00000000000000000000,0.00000000000000000000,0.00000000000000000000,-100000000000000000000000000000000000000.00000000000000000000,0.00000000000000000000,0.00000000000000000000,0.00000000000000000000
1071,0.00980392156862745000,0.50000000000000000000,0.50000000000000000000,0.09853292781642932000,0.00970873786407766600,0.00970873786407766600,1.00487804878048780000,0.00000000000000000000
1068,0.00000000000000000000,0.00000000000000000000,0.00000000000000000000,0.00000000000000000000,-100000000000000000000000000000000000000.00000000000000000000,0.00000000000000000000,0.00000000000000000000,0.00000000000000000000
1069,0.00980392156862745000,0.50000000000000000000,0.50000000000000000000,0.09853292781642932000,0.00970873786407766600,0.00970873786407766600,1.00487804878048780000,0.00000000000000000000
1056,0.00980392156862745000,0.50000000000000000000,0.50000000000000000000,0.09853292781642932000,0.00970873786407766600,0.00970873786407766600,1.00487804878048780000,0.00000000000000000000
1057,0.00980392156862745000,0.50000000000000000000,0.50000000000000000000,0.09853292781642932000,0.00970873786407766600,0.00970873786407766600,1.00487804878048780000,0.00000000000000000000
1062,0.00980392156862745000,0.50000000000000000000,0.50000000000000000000,0.09853292781642932000,0.00970873786407766600,0.00970873786407766600,1.00487804878048780000,0.00000000000000000000
1063,0.00980392156862745000,0.50000000000000000000,0.50000000000000000000,0.09853292781642932000,0.00970873786407766600,0.00970873786407766600,1.00487804878048780000,0.00000000000000000000
1060,0.12500000000000000000,0.92727272727272740000,0.92727272727272740000,0.33333333333333330000,0.92233009708737870000,0.11111111111111116000,1.05882352941176470000,9.69535971483265900000
1061,0.00980392156862745000,0.50000000000000000000,0.50000000000000000000,0.09853292781642932000,0.00970873786407766600,0.00970873786407766600,1.00487804878048780000,0.00000000000000000000
1081,0.00980392156862745000,0.50000000000000000000,0.50000000000000000000,0.09853292781642932000,0.00970873786407766600,0.00970873786407766600,1.00487804878048780000,0.00000000000000000000
1080,0.00980392156862745000,0.50000000000000000000,0.50000000000000000000,0.09853292781642932000,0.00970873786407766600,0.00970873786407766600,1.00487804878048780000,0.00000000000000000000
1074,0.00980392156862745000,0.50000000000000000000,0.50000000000000000000,0.09853292781642932000,0.00970873786407766600,0.00970873786407766600,1.00487804878048780000,0.00000000000000000000
1073,0.00980392156862745000,0.50000000000000000000,0.50000000000000000000,0.09853292781642932000,0.00970873786407766600,0.00970873786407766600,1.00487804878048780000,0.00000000000000000000
1072,0.00000000000000000000,0.00000000000000000000,0.00000000000000000000,0.00000000000000000000,-100000000000000000000000000000000000000.00000000000000000000,0.00000000000000000000,0.00000000000000000000,0.00000000000000000000
1079,0.00000000000000000000,0.00000000000000000000,0.00000000000000000000,0.00000000000000000000,-0.01941747572815533800,0.00000000000000000000,0.00000000000000000000,0.00000000000000000000
1078,0.00980392156862745000,0.50000000000000000000,0.50000000000000000000,0.09853292781642932000,0.00970873786407766600,0.00970873786407766600,1.00487804878048780000,0.00000000000000000000
5512,0.00000000000000000000,0.00000000000000000000,0.00000000000000000000,0.00000000000000000000,-100000000000000000000000000000000000000.00000000000000000000,0.00000000000000000000,0.00000000000000000000,0.00000000000000000000
5513,0.00000000000000000000,0.00000000000000000000,0.00000000000000000000,0.00000000000000000000,-100000000000000000000000000000000000000.00000000000000000000,0.00000000000000000000,0.00000000000000000000,0.00000000000000000000
1371,0.00000000000000000000,0.00000000000000000000,0.00000000000000000000,0.00000000000000000000,-100000000000000000000000000000000000000.00000000000000000000,0.00000000000000000000,0.00000000000000000000,0.00000000000000000000
1370,0.00980392156862745000,0.50000000000000000000,0.50000000000000000000,0.09853292781642932000,0.00970873786407766600,0.00970873786407766600,1.00487804878048780000,0.00000000000000000000
1369,0.02702702702702703000,0.73381294964028780000,0.73381294964028780000,0.16222142113076254000,0.64077669902912620000,0.02631578947368418000,1.01333333333333340000,8.06225774829855000000
1367,0.00980392156862745000,0.50000000000000000000,0.50000000000000000000,0.09853292781642932000,0.00970873786407766600,0.00970873786407766600,1.00487804878048780000,0.00000000000000000000
1350,0.00980392156862745000,0.50000000000000000000,0.50000000000000000000,0.09853292781642932000,0.00970873786407766600,0.00970873786407766600,1.00487804878048780000,0.00000000000000000000
1351,0.00980392156862745000,0.50000000000000000000,0.50000000000000000000,0.09853292781642932000,0.00970873786407766600,0.00970873786407766600,1.00487804878048780000,0.00000000000000000000
1348,0.01298701298701298800,0.56983240223463680000,0.56983240223463680000,0.11322770341445956000,0.25242718446601940000,0.01282051282051277500,1.00645161290322570000,5.00000000000000000000
5197,0.00000000000000000000,0.00000000000000000000,0.00000000000000000000,0.00000000000000000000,-0.00970873786407766900,0.00000000000000000000,0.00000000000000000000,0.00000000000000000000
5198,0.00000000000000000000,0.00000000000000000000,0.00000000000000000000,0.00000000000000000000,-100000000000000000000000000000000000000.00000000000000000000,0.00000000000000000000,0.00000000000000000000,0.00000000000000000000
1396,0.00000000000000000000,0.00000000000000000000,0.00000000000000000000,0.00000000000000000000,-0.06796116504854369000,0.00000000000000000000,0.00000000000000000000,0.00000000000000000000
1389,0.00000000000000000000,0.00000000000000000000,0.00000000000000000000,0.00000000000000000000,-0.05825242718446602000,0.00000000000000000000,0.00000000000000000000,0.00000000000000000000
1390,0.03225806451612903000,0.76691729323308270000,0.76691729323308270000,0.17677669529663687000,0.69902912621359230000,0.03125000000000000000,1.01587301587301580000,8.42614977317635900000
1391,0.00990099009900990100,0.50246305418719210000,0.50246305418719210000,0.09901475429766744000,0.01941747572815533000,0.00980392156862741600,1.00492610837438430000,1.00000000000000000000
1380,0.02857142857142857000,0.74452554744525550000,0.74452554744525550000,0.16666666666666666000,0.66019417475728150000,0.02777777777777779000,1.01408450704225350000,8.18535277187245000000
1382,0.00000000000000000000,0.00000000000000000000,0.00000000000000000000,0.00000000000000000000,-100000000000000000000000000000000000000.00000000000000000000,0.00000000000000000000,0.00000000000000000000,0.00000000000000000000
5200,0.02325581395348837200,0.70344827586206890000,0.70344827586206890000,0.15075567228888181000,0.58252427184466020000,0.02272727272727270700,1.01149425287356330000,7.68114574786860800000
5201,0.02325581395348837200,0.70344827586206890000,0.70344827586206890000,0.15075567228888181000,0.58252427184466020000,0.02272727272727270700,1.01149425287356330000,7.68114574786860800000
1378,0.08333333333333333000,0.89473684210526320000,0.89473684210526320000,0.27735009811261460000,0.88349514563106800000,0.07692307692307687000,1.04000000000000000000,9.48683298050513800000
1379,0.00980392156862745000,0.50000000000000000000,0.50000000000000000000,0.09853292781642932000,0.00970873786407766600,0.00970873786407766600,1.00487804878048780000,0.00000000000000000000
5129,0.00000000000000000000,0.00000000000000000000,0.00000000000000000000,0.00000000000000000000,-0.01941747572815533800,0.00000000000000000000,0.00000000000000000000,0.00000000000000000000
5128,0.00000000000000000000,0.00000000000000000000,0.00000000000000000000,0.00000000000000000000,-0.01941747572815533800,0.00000000000000000000,0.00000000000000000000,0.00000000000000000000
5130,0.00000000000000000000,0.00000000000000000000,0.00000000000000000000,0.00000000000000000000,-0.01941747572815533800,0.00000000000000000000,0.00000000000000000000,0.00000000000000000000
5133,0.00000000000000000000,0.00000000000000000000,0.00000000000000000000,0.00000000000000000000,-100000000000000000000000000000000000000.00000000000000000000,0.00000000000000000000,0.00000000000000000000,0.00000000000000000000
5132,0.00000000000000000000,0.00000000000000000000,0.00000000000000000000,0.00000000000000000000,-0.01941747572815533800,0.00000000000000000000,0.00000000000000000000,0.00000000000000000000
5135,0.00000000000000000000,0.00000000000000000000,0.00000000000000000000,0.00000000000000000000,-0.01941747572815533800,0.00000000000000000000,0.00000000000000000000,0.00000000000000000000
1494,0.00980392156862745000,0.50000000000000000000,0.50000000000000000000,0.09853292781642932000,0.00970873786407766600,0.00970873786407766600,1.00487804878048780000,0.00000000000000000000
1493,0.00980392156862745000,0.50000000000000000000,0.50000000000000000000,0.09853292781642932000,0.00970873786407766600,0.00970873786407766600,1.00487804878048780000,0.00000000000000000000
1491,0.02439024390243902500,0.71328671328671330000,0.71328671328671330000,0.15430334996209190000,0.60194174757281550000,0.02380952380952383600,1.01204819277108430000,7.81024967590665400000
1498,0.00980392156862745000,0.50000000000000000000,0.50000000000000000000,0.09853292781642932000,0.00970873786407766600,0.00970873786407766600,1.00487804878048780000,0.00000000000000000000
1499,0.00980392156862745000,0.50000000000000000000,0.50000000000000000000,0.09853292781642932000,0.00970873786407766600,0.00970873786407766600,1.00487804878048780000,0.00000000000000000000
1496,0.00980392156862745000,0.50000000000000000000,0.50000000000000000000,0.09853292781642932000,0.00970873786407766600,0.00970873786407766600,1.00487804878048780000,0.00000000000000000000
1497,0.00990099009900990100,0.50246305418719210000,0.50246305418719210000,0.09901475429766744000,0.01941747572815533000,0.00980392156862741600,1.00492610837438430000,1.00000000000000000000
1478,0.00000000000000000000,0.00000000000000000000,0.00000000000000000000,0.00000000000000000000,-0.05825242718446602000,0.00000000000000000000,0.00000000000000000000,0.00000000000000000000
1477,0.00980392156862745000,0.50000000000000000000,0.50000000000000000000,0.09853292781642932000,0.00970873786407766600,0.00970873786407766600,1.00487804878048780000,0.00000000000000000000
1476,0.00980392156862745000,0.50000000000000000000,0.50000000000000000000,0.09853292781642932000,0.00970873786407766600,0.00970873786407766600,1.00487804878048780000,0.00000000000000000000
1475,0.00000000000000000000,0.00000000000000000000,0.00000000000000000000,0.00000000000000000000,-0.00970873786407766900,0.00000000000000000000,0.00000000000000000000,0.00000000000000000000
1474,0.00000000000000000000,0.00000000000000000000,0.00000000000000000000,0.00000000000000000000,-100000000000000000000000000000000000000.00000000000000000000,0.00000000000000000000,0.00000000000000000000,0.00000000000000000000
1473,0.00000000000000000000,0.00000000000000000000,0.00000000000000000000,0.00000000000000000000,-0.00970873786407766900,0.00000000000000000000,0.00000000000000000000,0.00000000000000000000
1485,0.00980392156862745000,0.50000000000000000000,0.50000000000000000000,0.09853292781642932000,0.00970873786407766600,0.00970873786407766600,1.00487804878048780000,0.00000000000000000000
1484,0.00000000000000000000,0.00000000000000000000,0.00000000000000000000,0.00000000000000000000,-0.08737864077669903000,0.00000000000000000000,0.00000000000000000000,0.00000000000000000000
1483,0.00000000000000000000,0.00000000000000000000,0.00000000000000000000,0.00000000000000000000,-100000000000000000000000000000000000000.00000000000000000000,0.00000000000000000000,0.00000000000000000000,0.00000000000000000000
1482,0.01075268817204301200,0.52307692307692310000,0.52307692307692310000,0.10314212462587934000,0.09708737864077666000,0.01063829787234038500,1.00534759358288770000,3.00000000000000000000
1481,0.01666666666666666600,0.62962962962962950000,0.62962962962962950000,0.12803687993289598000,0.41747572815533984000,0.01639344262295083800,1.00826446280991730000,6.48074069840786000000
1480,0.00980392156862745000,0.50000000000000000000,0.50000000000000000000,0.09853292781642932000,0.00970873786407766600,0.00970873786407766600,1.00487804878048780000,0.00000000000000000000
1524,0.01010101010101010200,0.50746268656716420000,0.50746268656716420000,0.10000000000000000000,0.03883495145631066000,0.01000000000000000900,1.00502512562814060000,1.73205080756887720000
1525,0.00000000000000000000,0.00000000000000000000,0.00000000000000000000,0.00000000000000000000,-100000000000000000000000000000000000000.00000000000000000000,0.00000000000000000000,0.00000000000000000000,0.00000000000000000000
1526,0.00980392156862745000,0.50000000000000000000,0.50000000000000000000,0.09853292781642932000,0.00970873786407766600,0.00970873786407766600,1.00487804878048780000,0.00000000000000000000
1527,0.01219512195121951300,0.55434782608695650000,0.55434782608695650000,0.10976425998969035000,0.20388349514563110000,0.01204819277108437600,1.00606060606060600000,4.47213595499958000000
1520,0.02500000000000000000,0.71830985915492960000,0.71830985915492960000,0.15617376188860607000,0.61165048543689320000,0.02439024390243904600,1.01234567901234570000,7.87400787401181100000
1521,0.00000000000000000000,0.00000000000000000000,0.00000000000000000000,0.00000000000000000000,-100000000000000000000000000000000000000.00000000000000000000,0.00000000000000000000,0.00000000000000000000,0.00000000000000000000
1522,0.00000000000000000000,0.00000000000000000000,0.00000000000000000000,0.00000000000000000000,-100000000000000000000000000000000000000.00000000000000000000,0.00000000000000000000,0.00000000000000000000,0.00000000000000000000
1523,0.03448275862068965500,0.77862595419847340000,0.77862595419847340000,0.18257418583505536000,0.71844660194174760000,0.03333333333333332600,1.01694915254237280000,8.54400374531753000000
1532,0.00980392156862745000,0.50000000000000000000,0.50000000000000000000,0.09853292781642932000,0.00970873786407766600,0.00970873786407766600,1.00487804878048780000,0.00000000000000000000
1534,0.00980392156862745000,0.50000000000000000000,0.50000000000000000000,0.09853292781642932000,0.00970873786407766600,0.00970873786407766600,1.00487804878048780000,0.00000000000000000000
1528,0.00980392156862745000,0.50000000000000000000,0.50000000000000000000,0.09853292781642932000,0.00970873786407766600,0.00970873786407766600,1.00487804878048780000,0.00000000000000000000
1529,0.00980392156862745000,0.50000000000000000000,0.50000000000000000000,0.09853292781642932000,0.00970873786407766600,0.00970873786407766600,1.00487804878048780000,0.00000000000000000000
1530,0.00980392156862745000,0.50000000000000000000,0.50000000000000000000,0.09853292781642932000,0.00970873786407766600,0.00970873786407766600,1.00487804878048780000,0.00000000000000000000
1509,0.00980392156862745000,0.50000000000000000000,0.50000000000000000000,0.09853292781642932000,0.00970873786407766600,0.00970873786407766600,1.00487804878048780000,0.00000000000000000000
1508,0.00980392156862745000,0.50000000000000000000,0.50000000000000000000,0.09853292781642932000,0.00970873786407766600,0.00970873786407766600,1.00487804878048780000,0.00000000000000000000
1511,0.00000000000000000000,0.00000000000000000000,0.00000000000000000000,0.00000000000000000000,-100000000000000000000000000000000000000.00000000000000000000,0.00000000000000000000,0.00000000000000000000,0.00000000000000000000
1510,0.00980392156862745000,0.50000000000000000000,0.50000000000000000000,0.09853292781642932000,0.00970873786407766600,0.00970873786407766600,1.00487804878048780000,0.00000000000000000000
1507,0.00000000000000000000,0.00000000000000000000,0.00000000000000000000,0.00000000000000000000,-100000000000000000000000000000000000000.00000000000000000000,0.00000000000000000000,0.00000000000000000000,0.00000000000000000000
1506,0.00980392156862745000,0.50000000000000000000,0.50000000000000000000,0.09853292781642932000,0.00970873786407766600,0.00970873786407766600,1.00487804878048780000,0.00000000000000000000
1517,0.00000000000000000000,0.00000000000000000000,0.00000000000000000000,0.00000000000000000000,-100000000000000000000000000000000000000.00000000000000000000,0.00000000000000000000,0.00000000000000000000,0.00000000000000000000
1516,0.00980392156862745000,0.50000000000000000000,0.50000000000000000000,0.09853292781642932000,0.00970873786407766600,0.00970873786407766600,1.00487804878048780000,0.00000000000000000000
1519,0.00000000000000000000,0.00000000000000000000,0.00000000000000000000,0.00000000000000000000,-100000000000000000000000000000000000000.00000000000000000000,0.00000000000000000000,0.00000000000000000000,0.00000000000000000000
1518,0.00980392156862745000,0.50000000000000000000,0.50000000000000000000,0.09853292781642932000,0.00970873786407766600,0.00970873786407766600,1.00487804878048780000,0.00000000000000000000
1513,0.00000000000000000000,0.00000000000000000000,0.00000000000000000000,0.00000000000000000000,-100000000000000000000000000000000000000.00000000000000000000,0.00000000000000000000,0.00000000000000000000,0.00000000000000000000
1512,0.00000000000000000000,0.00000000000000000000,0.00000000000000000000,0.00000000000000000000,-100000000000000000000000000000000000000.00000000000000000000,0.00000000000000000000,0.00000000000000000000,0.00000000000000000000
1515,0.00980392156862745000,0.50000000000000000000,0.50000000000000000000,0.09853292781642932000,0.00970873786407766600,0.00970873786407766600,1.00487804878048780000,0.00000000000000000000
1514,0.00980392156862745000,0.50000000000000000000,0.50000000000000000000,0.09853292781642932000,0.00970873786407766600,0.00970873786407766600,1.00487804878048780000,0.00000000000000000000
1465,0.00000000000000000000,0.00000000000000000000,0.00000000000000000000,0.00000000000000000000,-0.01941747572815533800,0.00000000000000000000,0.00000000000000000000,0.00000000000000000000
1469,0.00000000000000000000,0.00000000000000000000,0.00000000000000000000,0.00000000000000000000,-0.05825242718446602000,0.00000000000000000000,0.00000000000000000000,0.00000000000000000000
1471,0.00000000000000000000,0.00000000000000000000,0.00000000000000000000,0.00000000000000000000,-100000000000000000000000000000000000000.00000000000000000000,0.00000000000000000000,0.00000000000000000000,0.00000000000000000000
1642,0.00980392156862745000,0.50000000000000000000,0.50000000000000000000,0.09853292781642932000,0.00970873786407766600,0.00970873786407766600,1.00487804878048780000,0.00000000000000000000
1643,0.00000000000000000000,0.00000000000000000000,0.00000000000000000000,0.00000000000000000000,-100000000000000000000000000000000000000.00000000000000000000,0.00000000000000000000,0.00000000000000000000,0.00000000000000000000
1640,0.00000000000000000000,0.00000000000000000000,0.00000000000000000000,0.00000000000000000000,-100000000000000000000000000000000000000.00000000000000000000,0.00000000000000000000,0.00000000000000000000,0.00000000000000000000
1641,0.00000000000000000000,0.00000000000000000000,0.00000000000000000000,0.00000000000000000000,-100000000000000000000000000000000000000.00000000000000000000,0.00000000000000000000,0.00000000000000000000,0.00000000000000000000
1646,0.00980392156862745000,0.50000000000000000000,0.50000000000000000000,0.09853292781642932000,0.00970873786407766600,0.00970873786407766600,1.00487804878048780000,0.00000000000000000000
1647,0.00000000000000000000,0.00000000000000000000,0.00000000000000000000,0.00000000000000000000,-100000000000000000000000000000000000000.00000000000000000000,0.00000000000000000000,0.00000000000000000000,0.00000000000000000000
1644,0.00980392156862745000,0.50000000000000000000,0.50000000000000000000,0.09853292781642932000,0.00970873786407766600,0.00970873786407766600,1.00487804878048780000,0.00000000000000000000
1645,0.00000000000000000000,0.00000000000000000000,0.00000000000000000000,0.00000000000000000000,-100000000000000000000000000000000000000.00000000000000000000,0.00000000000000000000,0.00000000000000000000,0.00000000000000000000
1634,0.00000000000000000000,0.00000000000000000000,0.00000000000000000000,0.00000000000000000000,-100000000000000000000000000000000000000.00000000000000000000,0.00000000000000000000,0.00000000000000000000,0.00000000000000000000
1635,0.00980392156862745000,0.50000000000000000000,0.50000000000000000000,0.09853292781642932000,0.00970873786407766600,0.00970873786407766600,1.00487804878048780000,0.00000000000000000000
1632,0.00980392156862745000,0.50000000000000000000,0.50000000000000000000,0.09853292781642932000,0.00970873786407766600,0.00970873786407766600,1.00487804878048780000,0.00000000000000000000
1633,0.00000000000000000000,0.00000000000000000000,0.00000000000000000000,0.00000000000000000000,-100000000000000000000000000000000000000.00000000000000000000,0.00000000000000000000,0.00000000000000000000,0.00000000000000000000
1638,0.00980392156862745000,0.50000000000000000000,0.50000000000000000000,0.09853292781642932000,0.00970873786407766600,0.00970873786407766600,1.00487804878048780000,0.00000000000000000000
1639,0.00980392156862745000,0.50000000000000000000,0.50000000000000000000,0.09853292781642932000,0.00970873786407766600,0.00970873786407766600,1.00487804878048780000,0.00000000000000000000
1636,0.00980392156862745000,0.50000000000000000000,0.50000000000000000000,0.09853292781642932000,0.00970873786407766600,0.00970873786407766600,1.00487804878048780000,0.00000000000000000000
1637,0.00980392156862745000,0.50000000000000000000,0.50000000000000000000,0.09853292781642932000,0.00970873786407766600,0.00970873786407766600,1.00487804878048780000,0.00000000000000000000
1659,0.00980392156862745000,0.50000000000000000000,0.50000000000000000000,0.09853292781642932000,0.00970873786407766600,0.00970873786407766600,1.00487804878048780000,0.00000000000000000000
1663,0.00000000000000000000,0.00000000000000000000,0.00000000000000000000,0.00000000000000000000,-100000000000000000000000000000000000000.00000000000000000000,0.00000000000000000000,0.00000000000000000000,0.00000000000000000000
1662,0.00980392156862745000,0.50000000000000000000,0.50000000000000000000,0.09853292781642932000,0.00970873786407766600,0.00970873786407766600,1.00487804878048780000,0.00000000000000000000
1661,0.00980392156862745000,0.50000000000000000000,0.50000000000000000000,0.09853292781642932000,0.00970873786407766600,0.00970873786407766600,1.00487804878048780000,0.00000000000000000000
1660,0.00000000000000000000,0.00000000000000000000,0.00000000000000000000,0.00000000000000000000,-100000000000000000000000000000000000000.00000000000000000000,0.00000000000000000000,0.00000000000000000000,0.00000000000000000000
1651,0.01010101010101010200,0.50746268656716420000,0.50746268656716420000,0.10000000000000000000,0.03883495145631066000,0.01000000000000000900,1.00502512562814060000,1.73205080756887720000
1650,0.00980392156862745000,0.50000000000000000000,0.50000000000000000000,0.09853292781642932000,0.00970873786407766600,0.00970873786407766600,1.00487804878048780000,0.00000000000000000000
1648,0.00980392156862745000,0.50000000000000000000,0.50000000000000000000,0.09853292781642932000,0.00970873786407766600,0.00970873786407766600,1.00487804878048780000,0.00000000000000000000
1654,0.00000000000000000000,0.00000000000000000000,0.00000000000000000000,0.00000000000000000000,-100000000000000000000000000000000000000.00000000000000000000,0.00000000000000000000,0.00000000000000000000,0.00000000000000000000
1653,0.00000000000000000000,0.00000000000000000000,0.00000000000000000000,0.00000000000000000000,-100000000000000000000000000000000000000.00000000000000000000,0.00000000000000000000,0.00000000000000000000,0.00000000000000000000
1652,0.00000000000000000000,0.00000000000000000000,0.00000000000000000000,0.00000000000000000000,-100000000000000000000000000000000000000.00000000000000000000,0.00000000000000000000,0.00000000000000000000,0.00000000000000000000
1608,0.00000000000000000000,0.00000000000000000000,0.00000000000000000000,0.00000000000000000000,-100000000000000000000000000000000000000.00000000000000000000,0.00000000000000000000,0.00000000000000000000,0.00000000000000000000
1609,0.00980392156862745000,0.50000000000000000000,0.50000000000000000000,0.09853292781642932000,0.00970873786407766600,0.00970873786407766600,1.00487804878048780000,0.00000000000000000000
1611,0.00980392156862745000,0.50000000000000000000,0.50000000000000000000,0.09853292781642932000,0.00970873786407766600,0.00970873786407766600,1.00487804878048780000,0.00000000000000000000
1613,0.00980392156862745000,0.50000000000000000000,0.50000000000000000000,0.09853292781642932000,0.00970873786407766600,0.00970873786407766600,1.00487804878048780000,0.00000000000000000000
1614,0.00000000000000000000,0.00000000000000000000,0.00000000000000000000,0.00000000000000000000,-100000000000000000000000000000000000000.00000000000000000000,0.00000000000000000000,0.00000000000000000000,0.00000000000000000000
1605,0.00980392156862745000,0.50000000000000000000,0.50000000000000000000,0.09853292781642932000,0.00970873786407766600,0.00970873786407766600,1.00487804878048780000,0.00000000000000000000
1606,0.00980392156862745000,0.50000000000000000000,0.50000000000000000000,0.09853292781642932000,0.00970873786407766600,0.00970873786407766600,1.00487804878048780000,0.00000000000000000000
1625,0.00000000000000000000,0.00000000000000000000,0.00000000000000000000,0.00000000000000000000,-100000000000000000000000000000000000000.00000000000000000000,0.00000000000000000000,0.00000000000000000000,0.00000000000000000000
1624,0.00000000000000000000,0.00000000000000000000,0.00000000000000000000,0.00000000000000000000,-100000000000000000000000000000000000000.00000000000000000000,0.00000000000000000000,0.00000000000000000000,0.00000000000000000000
1617,0.00000000000000000000,0.00000000000000000000,0.00000000000000000000,0.00000000000000000000,-100000000000000000000000000000000000000.00000000000000000000,0.00000000000000000000,0.00000000000000000000,0.00000000000000000000
1616,0.00000000000000000000,0.00000000000000000000,0.00000000000000000000,0.00000000000000000000,-100000000000000000000000000000000000000.00000000000000000000,0.00000000000000000000,0.00000000000000000000,0.00000000000000000000
1619,0.00000000000000000000,0.00000000000000000000,0.00000000000000000000,0.00000000000000000000,-100000000000000000000000000000000000000.00000000000000000000,0.00000000000000000000,0.00000000000000000000,0.00000000000000000000
1618,0.00980392156862745000,0.50000000000000000000,0.50000000000000000000,0.09853292781642932000,0.00970873786407766600,0.00970873786407766600,1.00487804878048780000,0.00000000000000000000
1621,0.00000000000000000000,0.00000000000000000000,0.00000000000000000000,0.00000000000000000000,-100000000000000000000000000000000000000.00000000000000000000,0.00000000000000000000,0.00000000000000000000,0.00000000000000000000
1620,0.00000000000000000000,0.00000000000000000000,0.00000000000000000000,0.00000000000000000000,-100000000000000000000000000000000000000.00000000000000000000,0.00000000000000000000,0.00000000000000000000,0.00000000000000000000
1623,0.00000000000000000000,0.00000000000000000000,0.00000000000000000000,0.00000000000000000000,-100000000000000000000000000000000000000.00000000000000000000,0.00000000000000000000,0.00000000000000000000,0.00000000000000000000
1622,0.00000000000000000000,0.00000000000000000000,0.00000000000000000000,0.00000000000000000000,-100000000000000000000000000000000000000.00000000000000000000,0.00000000000000000000,0.00000000000000000000,0.00000000000000000000
1582,0.00000000000000000000,0.00000000000000000000,0.00000000000000000000,0.00000000000000000000,-100000000000000000000000000000000000000.00000000000000000000,0.00000000000000000000,0.00000000000000000000,0.00000000000000000000
1571,0.00000000000000000000,0.00000000000000000000,0.00000000000000000000,0.00000000000000000000,-100000000000000000000000000000000000000.00000000000000000000,0.00000000000000000000,0.00000000000000000000,0.00000000000000000000
1598,0.00980392156862745000,0.50000000000000000000,0.50000000000000000000,0.09853292781642932000,0.00970873786407766600,0.00970873786407766600,1.00487804878048780000,0.00000000000000000000
1594,0.00990099009900990100,0.50246305418719210000,0.50246305418719210000,0.09901475429766744000,0.01941747572815533000,0.00980392156862741600,1.00492610837438430000,1.00000000000000000000
1593,0.09090909090909091000,0.90265486725663710000,0.90265486725663710000,0.28867513459481290000,0.89320388349514570000,0.08333333333333337000,1.04347826086956520000,9.53939201416945600000
1592,0.01515151515151515200,0.60714285714285720000,0.60714285714285720000,0.12216944435630522000,0.35922330097087374000,0.01492537313432840100,1.00751879699248130000,6.00000000000000000000
1591,0.01176470588235294100,0.54545454545454540000,0.54545454545454540000,0.10783277320343841000,0.17475728155339810000,0.01162790697674420700,1.00584795321637420000,4.12310562561766100000
1584,0.00000000000000000000,0.00000000000000000000,0.00000000000000000000,0.00000000000000000000,-100000000000000000000000000000000000000.00000000000000000000,0.00000000000000000000,0.00000000000000000000,0.00000000000000000000
1548,0.00980392156862745000,0.50000000000000000000,0.50000000000000000000,0.09853292781642932000,0.00970873786407766600,0.00970873786407766600,1.00487804878048780000,0.00000000000000000000
1549,0.00980392156862745000,0.50000000000000000000,0.50000000000000000000,0.09853292781642932000,0.00970873786407766600,0.00970873786407766600,1.00487804878048780000,0.00000000000000000000
1550,0.00980392156862745000,0.50000000000000000000,0.50000000000000000000,0.09853292781642932000,0.00970873786407766600,0.00970873786407766600,1.00487804878048780000,0.00000000000000000000
1544,0.00000000000000000000,0.00000000000000000000,0.00000000000000000000,0.00000000000000000000,-100000000000000000000000000000000000000.00000000000000000000,0.00000000000000000000,0.00000000000000000000,0.00000000000000000000
1545,0.00000000000000000000,0.00000000000000000000,0.00000000000000000000,0.00000000000000000000,-100000000000000000000000000000000000000.00000000000000000000,0.00000000000000000000,0.00000000000000000000,0.00000000000000000000
1546,0.00980392156862745000,0.50000000000000000000,0.50000000000000000000,0.09853292781642932000,0.00970873786407766600,0.00970873786407766600,1.00487804878048780000,0.00000000000000000000
1547,0.00000000000000000000,0.00000000000000000000,0.00000000000000000000,0.00000000000000000000,-100000000000000000000000000000000000000.00000000000000000000,0.00000000000000000000,0.00000000000000000000,0.00000000000000000000
1540,0.00000000000000000000,0.00000000000000000000,0.00000000000000000000,0.00000000000000000000,-100000000000000000000000000000000000000.00000000000000000000,0.00000000000000000000,0.00000000000000000000,0.00000000000000000000
1542,0.00980392156862745000,0.50000000000000000000,0.50000000000000000000,0.09853292781642932000,0.00970873786407766600,0.00970873786407766600,1.00487804878048780000,0.00000000000000000000
1536,0.00990099009900990100,0.50246305418719210000,0.50246305418719210000,0.09901475429766744000,0.01941747572815533000,0.00980392156862741600,1.00492610837438430000,1.00000000000000000000
1537,0.00980392156862745000,0.50000000000000000000,0.50000000000000000000,0.09853292781642932000,0.00970873786407766600,0.00970873786407766600,1.00487804878048780000,0.00000000000000000000
1538,0.00980392156862745000,0.50000000000000000000,0.50000000000000000000,0.09853292781642932000,0.00970873786407766600,0.00970873786407766600,1.00487804878048780000,0.00000000000000000000
1539,0.00980392156862745000,0.50000000000000000000,0.50000000000000000000,0.09853292781642932000,0.00970873786407766600,0.00970873786407766600,1.00487804878048780000,0.00000000000000000000
1561,0.00000000000000000000,0.00000000000000000000,0.00000000000000000000,0.00000000000000000000,-100000000000000000000000000000000000000.00000000000000000000,0.00000000000000000000,0.00000000000000000000,0.00000000000000000000
1560,0.00000000000000000000,0.00000000000000000000,0.00000000000000000000,0.00000000000000000000,-100000000000000000000000000000000000000.00000000000000000000,0.00000000000000000000,0.00000000000000000000,0.00000000000000000000
1556,0.00980392156862745000,0.50000000000000000000,0.50000000000000000000,0.09853292781642932000,0.00970873786407766600,0.00970873786407766600,1.00487804878048780000,0.00000000000000000000
1553,0.00980392156862745000,0.50000000000000000000,0.50000000000000000000,0.09853292781642932000,0.00970873786407766600,0.00970873786407766600,1.00487804878048780000,0.00000000000000000000
1552,0.00980392156862745000,0.50000000000000000000,0.50000000000000000000,0.09853292781642932000,0.00970873786407766600,0.00970873786407766600,1.00487804878048780000,0.00000000000000000000
1555,0.00000000000000000000,0.00000000000000000000,0.00000000000000000000,0.00000000000000000000,-100000000000000000000000000000000000000.00000000000000000000,0.00000000000000000000,0.00000000000000000000,0.00000000000000000000
1554,0.02222222222222222300,0.69387755102040820000,0.69387755102040820000,0.14744195615489714000,0.56310679611650480000,0.02173913043478259400,1.01098901098901100000,7.54983443527075000000
1763,0.00000000000000000000,0.00000000000000000000,0.00000000000000000000,0.00000000000000000000,-100000000000000000000000000000000000000.00000000000000000000,0.00000000000000000000,0.00000000000000000000,0.00000000000000000000
1762,0.00980392156862745000,0.50000000000000000000,0.50000000000000000000,0.09853292781642932000,0.00970873786407766600,0.00970873786407766600,1.00487804878048780000,0.00000000000000000000
1761,0.00980392156862745000,0.50000000000000000000,0.50000000000000000000,0.09853292781642932000,0.00970873786407766600,0.00970873786407766600,1.00487804878048780000,0.00000000000000000000
1767,0.00980392156862745000,0.50000000000000000000,0.50000000000000000000,0.09853292781642932000,0.00970873786407766600,0.00970873786407766600,1.00487804878048780000,0.00000000000000000000
1766,0.00000000000000000000,0.00000000000000000000,0.00000000000000000000,0.00000000000000000000,-100000000000000000000000000000000000000.00000000000000000000,0.00000000000000000000,0.00000000000000000000,0.00000000000000000000
1765,0.00980392156862745000,0.50000000000000000000,0.50000000000000000000,0.09853292781642932000,0.00970873786407766600,0.00970873786407766600,1.00487804878048780000,0.00000000000000000000
1764,0.00980392156862745000,0.50000000000000000000,0.50000000000000000000,0.09853292781642932000,0.00970873786407766600,0.00970873786407766600,1.00487804878048780000,0.00000000000000000000
1769,0.00980392156862745000,0.50000000000000000000,0.50000000000000000000,0.09853292781642932000,0.00970873786407766600,0.00970873786407766600,1.00487804878048780000,0.00000000000000000000
1768,0.00000000000000000000,0.00000000000000000000,0.00000000000000000000,0.00000000000000000000,-100000000000000000000000000000000000000.00000000000000000000,0.00000000000000000000,0.00000000000000000000,0.00000000000000000000
1775,0.00980392156862745000,0.50000000000000000000,0.50000000000000000000,0.09853292781642932000,0.00970873786407766600,0.00970873786407766600,1.00487804878048780000,0.00000000000000000000
1774,0.00980392156862745000,0.50000000000000000000,0.50000000000000000000,0.09853292781642932000,0.00970873786407766600,0.00970873786407766600,1.00487804878048780000,0.00000000000000000000
1773,0.00980392156862745000,0.50000000000000000000,0.50000000000000000000,0.09853292781642932000,0.00970873786407766600,0.00970873786407766600,1.00487804878048780000,0.00000000000000000000
1779,0.00980392156862745000,0.50000000000000000000,0.50000000000000000000,0.09853292781642932000,0.00970873786407766600,0.00970873786407766600,1.00487804878048780000,0.00000000000000000000
1777,0.00980392156862745000,0.50000000000000000000,0.50000000000000000000,0.09853292781642932000,0.00970873786407766600,0.00970873786407766600,1.00487804878048780000,0.00000000000000000000
1782,0.00000000000000000000,0.00000000000000000000,0.00000000000000000000,0.00000000000000000000,-100000000000000000000000000000000000000.00000000000000000000,0.00000000000000000000,0.00000000000000000000,0.00000000000000000000
1783,0.00980392156862745000,0.50000000000000000000,0.50000000000000000000,0.09853292781642932000,0.00970873786407766600,0.00970873786407766600,1.00487804878048780000,0.00000000000000000000
1781,0.00980392156862745000,0.50000000000000000000,0.50000000000000000000,0.09853292781642932000,0.00970873786407766600,0.00970873786407766600,1.00487804878048780000,0.00000000000000000000
1786,0.00000000000000000000,0.00000000000000000000,0.00000000000000000000,0.00000000000000000000,-100000000000000000000000000000000000000.00000000000000000000,0.00000000000000000000,0.00000000000000000000,0.00000000000000000000
1787,0.00980392156862745000,0.50000000000000000000,0.50000000000000000000,0.09853292781642932000,0.00970873786407766600,0.00970873786407766600,1.00487804878048780000,0.00000000000000000000
1784,0.00000000000000000000,0.00000000000000000000,0.00000000000000000000,0.00000000000000000000,-100000000000000000000000000000000000000.00000000000000000000,0.00000000000000000000,0.00000000000000000000,0.00000000000000000000
1785,0.00980392156862745000,0.50000000000000000000,0.50000000000000000000,0.09853292781642932000,0.00970873786407766600,0.00970873786407766600,1.00487804878048780000,0.00000000000000000000
1790,0.00000000000000000000,0.00000000000000000000,0.00000000000000000000,0.00000000000000000000,-100000000000000000000000000000000000000.00000000000000000000,0.00000000000000000000,0.00000000000000000000,0.00000000000000000000
1788,0.00000000000000000000,0.00000000000000000000,0.00000000000000000000,0.00000000000000000000,-100000000000000000000000000000000000000.00000000000000000000,0.00000000000000000000,0.00000000000000000000,0.00000000000000000000
1789,0.00980392156862745000,0.50000000000000000000,0.50000000000000000000,0.09853292781642932000,0.00970873786407766600,0.00970873786407766600,1.00487804878048780000,0.00000000000000000000
1729,0.00980392156862745000,0.50000000000000000000,0.50000000000000000000,0.09853292781642932000,0.00970873786407766600,0.00970873786407766600,1.00487804878048780000,0.00000000000000000000
1728,0.01587301587301587200,0.61818181818181820000,0.61818181818181820000,0.12500000000000000000,0.38834951456310685000,0.01562500000000000000,1.00787401574803150000,6.24499799839839800000
1731,0.00980392156862745000,0.50000000000000000000,0.50000000000000000000,0.09853292781642932000,0.00970873786407766600,0.00970873786407766600,1.00487804878048780000,0.00000000000000000000
1730,0.00980392156862745000,0.50000000000000000000,0.50000000000000000000,0.09853292781642932000,0.00970873786407766600,0.00970873786407766600,1.00487804878048780000,0.00000000000000000000
1733,0.00980392156862745000,0.50000000000000000000,0.50000000000000000000,0.09853292781642932000,0.00970873786407766600,0.00970873786407766600,1.00487804878048780000,0.00000000000000000000
1735,0.00980392156862745000,0.50000000000000000000,0.50000000000000000000,0.09853292781642932000,0.00970873786407766600,0.00970873786407766600,1.00487804878048780000,0.00000000000000000000
1736,0.00980392156862745000,0.50000000000000000000,0.50000000000000000000,0.09853292781642932000,0.00970873786407766600,0.00970873786407766600,1.00487804878048780000,0.00000000000000000000
6139,0.00000000000000000000,0.00000000000000000000,0.00000000000000000000,0.00000000000000000000,-100000000000000000000000000000000000000.00000000000000000000,0.00000000000000000000,0.00000000000000000000,0.00000000000000000000
1739,0.00980392156862745000,0.50000000000000000000,0.50000000000000000000,0.09853292781642932000,0.00970873786407766600,0.00970873786407766600,1.00487804878048780000,0.00000000000000000000
1738,0.00000000000000000000,0.00000000000000000000,0.00000000000000000000,0.00000000000000000000,-0.02912621359223301000,0.00000000000000000000,0.00000000000000000000,0.00000000000000000000
6141,0.00000000000000000000,0.00000000000000000000,0.00000000000000000000,0.00000000000000000000,-0.01941747572815533800,0.00000000000000000000,0.00000000000000000000,0.00000000000000000000
6140,0.00000000000000000000,0.00000000000000000000,0.00000000000000000000,0.00000000000000000000,-0.01941747572815533800,0.00000000000000000000,0.00000000000000000000,0.00000000000000000000
1740,0.00000000000000000000,0.00000000000000000000,0.00000000000000000000,0.00000000000000000000,-100000000000000000000000000000000000000.00000000000000000000,0.00000000000000000000,0.00000000000000000000,0.00000000000000000000
1743,0.04545454545454545600,0.82258064516129030000,0.82258064516129030000,0.20851441405707477000,0.78640776699029120000,0.04347826086956519000,1.02222222222222210000,8.94427190999916000000
6142,0.00000000000000000000,0.00000000000000000000,0.00000000000000000000,0.00000000000000000000,-0.01941747572815533800,0.00000000000000000000,0.00000000000000000000,0.00000000000000000000
1744,0.00980392156862745000,0.50000000000000000000,0.50000000000000000000,0.09853292781642932000,0.00970873786407766600,0.00970873786407766600,1.00487804878048780000,0.00000000000000000000
1745,0.00000000000000000000,0.00000000000000000000,0.00000000000000000000,0.00000000000000000000,-100000000000000000000000000000000000000.00000000000000000000,0.00000000000000000000,0.00000000000000000000,0.00000000000000000000
1746,0.00980392156862745000,0.50000000000000000000,0.50000000000000000000,0.09853292781642932000,0.00970873786407766600,0.00970873786407766600,1.00487804878048780000,0.00000000000000000000
1747,0.00980392156862745000,0.50000000000000000000,0.50000000000000000000,0.09853292781642932000,0.00970873786407766600,0.00970873786407766600,1.00487804878048780000,0.00000000000000000000
1748,0.00980392156862745000,0.50000000000000000000,0.50000000000000000000,0.09853292781642932000,0.00970873786407766600,0.00970873786407766600,1.00487804878048780000,0.00000000000000000000
1750,0.00000000000000000000,0.00000000000000000000,0.00000000000000000000,0.00000000000000000000,-100000000000000000000000000000000000000.00000000000000000000,0.00000000000000000000,0.00000000000000000000,0.00000000000000000000
1751,0.00980392156862745000,0.50000000000000000000,0.50000000000000000000,0.09853292781642932000,0.00970873786407766600,0.00970873786407766600,1.00487804878048780000,0.00000000000000000000
1752,0.00980392156862745000,0.50000000000000000000,0.50000000000000000000,0.09853292781642932000,0.00970873786407766600,0.00970873786407766600,1.00487804878048780000,0.00000000000000000000
1753,0.00980392156862745000,0.50000000000000000000,0.50000000000000000000,0.09853292781642932000,0.00970873786407766600,0.00970873786407766600,1.00487804878048780000,0.00000000000000000000
1754,0.00980392156862745000,0.50000000000000000000,0.50000000000000000000,0.09853292781642932000,0.00970873786407766600,0.00970873786407766600,1.00487804878048780000,0.00000000000000000000
1755,0.00980392156862745000,0.50000000000000000000,0.50000000000000000000,0.09853292781642932000,0.00970873786407766600,0.00970873786407766600,1.00487804878048780000,0.00000000000000000000
1756,0.00980392156862745000,0.50000000000000000000,0.50000000000000000000,0.09853292781642932000,0.00970873786407766600,0.00970873786407766600,1.00487804878048780000,0.00000000000000000000
1757,0.00000000000000000000,0.00000000000000000000,0.00000000000000000000,0.00000000000000000000,-100000000000000000000000000000000000000.00000000000000000000,0.00000000000000000000,0.00000000000000000000,0.00000000000000000000
1758,0.00000000000000000000,0.00000000000000000000,0.00000000000000000000,0.00000000000000000000,-100000000000000000000000000000000000000.00000000000000000000,0.00000000000000000000,0.00000000000000000000,0.00000000000000000000
1759,0.00980392156862745000,0.50000000000000000000,0.50000000000000000000,0.09853292781642932000,0.00970873786407766600,0.00970873786407766600,1.00487804878048780000,0.00000000000000000000
1703,0.00980392156862745000,0.50000000000000000000,0.50000000000000000000,0.09853292781642932000,0.00970873786407766600,0.00970873786407766600,1.00487804878048780000,0.00000000000000000000
1702,0.00000000000000000000,0.00000000000000000000,0.00000000000000000000,0.00000000000000000000,-100000000000000000000000000000000000000.00000000000000000000,0.00000000000000000000,0.00000000000000000000,0.00000000000000000000
1700,0.00000000000000000000,0.00000000000000000000,0.00000000000000000000,0.00000000000000000000,-100000000000000000000000000000000000000.00000000000000000000,0.00000000000000000000,0.00000000000000000000,0.00000000000000000000
1699,0.00000000000000000000,0.00000000000000000000,0.00000000000000000000,0.00000000000000000000,-100000000000000000000000000000000000000.00000000000000000000,0.00000000000000000000,0.00000000000000000000,0.00000000000000000000
1698,0.00000000000000000000,0.00000000000000000000,0.00000000000000000000,0.00000000000000000000,-100000000000000000000000000000000000000.00000000000000000000,0.00000000000000000000,0.00000000000000000000,0.00000000000000000000
1697,0.00980392156862745000,0.50000000000000000000,0.50000000000000000000,0.09853292781642932000,0.00970873786407766600,0.00970873786407766600,1.00487804878048780000,0.00000000000000000000
1696,0.00980392156862745000,0.50000000000000000000,0.50000000000000000000,0.09853292781642932000,0.00970873786407766600,0.00970873786407766600,1.00487804878048780000,0.00000000000000000000
1711,0.00980392156862745000,0.50000000000000000000,0.50000000000000000000,0.09853292781642932000,0.00970873786407766600,0.00970873786407766600,1.00487804878048780000,0.00000000000000000000
1710,0.00000000000000000000,0.00000000000000000000,0.00000000000000000000,0.00000000000000000000,-100000000000000000000000000000000000000.00000000000000000000,0.00000000000000000000,0.00000000000000000000,0.00000000000000000000
1709,0.00980392156862745000,0.50000000000000000000,0.50000000000000000000,0.09853292781642932000,0.00970873786407766600,0.00970873786407766600,1.00487804878048780000,0.00000000000000000000
1708,0.10000000000000000000,0.91071428571428560000,0.91071428571428560000,0.30151134457776363000,0.90291262135922330000,0.09090909090909094000,1.04761904761904770000,9.59166304662543800000
1707,0.00980392156862745000,0.50000000000000000000,0.50000000000000000000,0.09853292781642932000,0.00970873786407766600,0.00970873786407766600,1.00487804878048780000,0.00000000000000000000
1706,0.00000000000000000000,0.00000000000000000000,0.00000000000000000000,0.00000000000000000000,-100000000000000000000000000000000000000.00000000000000000000,0.00000000000000000000,0.00000000000000000000,0.00000000000000000000
1705,0.00980392156862745000,0.50000000000000000000,0.50000000000000000000,0.09853292781642932000,0.00970873786407766600,0.00970873786407766600,1.00487804878048780000,0.00000000000000000000
1704,0.00980392156862745000,0.50000000000000000000,0.50000000000000000000,0.09853292781642932000,0.00970873786407766600,0.00970873786407766600,1.00487804878048780000,0.00000000000000000000
1712,0.00000000000000000000,0.00000000000000000000,0.00000000000000000000,0.00000000000000000000,-100000000000000000000000000000000000000.00000000000000000000,0.00000000000000000000,0.00000000000000000000,0.00000000000000000000
1713,0.00000000000000000000,0.00000000000000000000,0.00000000000000000000,0.00000000000000000000,-100000000000000000000000000000000000000.00000000000000000000,0.00000000000000000000,0.00000000000000000000,0.00000000000000000000
1726,0.00000000000000000000,0.00000000000000000000,0.00000000000000000000,0.00000000000000000000,-100000000000000000000000000000000000000.00000000000000000000,0.00000000000000000000,0.00000000000000000000,0.00000000000000000000
1727,0.00000000000000000000,0.00000000000000000000,0.00000000000000000000,0.00000000000000000000,-100000000000000000000000000000000000000.00000000000000000000,0.00000000000000000000,0.00000000000000000000,0.00000000000000000000
1725,0.00980392156862745000,0.50000000000000000000,0.50000000000000000000,0.09853292781642932000,0.00970873786407766600,0.00970873786407766600,1.00487804878048780000,0.00000000000000000000
1720,0.00980392156862745000,0.50000000000000000000,0.50000000000000000000,0.09853292781642932000,0.00970873786407766600,0.00970873786407766600,1.00487804878048780000,0.00000000000000000000
1721,0.02272727272727272800,0.69863013698630140000,0.69863013698630140000,0.14907119849998599000,0.57281553398058250000,0.02222222222222225400,1.01123595505617980000,7.61577310586390900000
1669,0.00980392156862745000,0.50000000000000000000,0.50000000000000000000,0.09853292781642932000,0.00970873786407766600,0.00970873786407766600,1.00487804878048780000,0.00000000000000000000
1668,0.00980392156862745000,0.50000000000000000000,0.50000000000000000000,0.09853292781642932000,0.00970873786407766600,0.00970873786407766600,1.00487804878048780000,0.00000000000000000000
1664,0.00980392156862745000,0.50000000000000000000,0.50000000000000000000,0.09853292781642932000,0.00970873786407766600,0.00970873786407766600,1.00487804878048780000,0.00000000000000000000
1667,0.00980392156862745000,0.50000000000000000000,0.50000000000000000000,0.09853292781642932000,0.00970873786407766600,0.00970873786407766600,1.00487804878048780000,0.00000000000000000000
1677,0.00980392156862745000,0.50000000000000000000,0.50000000000000000000,0.09853292781642932000,0.00970873786407766600,0.00970873786407766600,1.00487804878048780000,0.00000000000000000000
1676,0.00980392156862745000,0.50000000000000000000,0.50000000000000000000,0.09853292781642932000,0.00970873786407766600,0.00970873786407766600,1.00487804878048780000,0.00000000000000000000
1679,0.00000000000000000000,0.00000000000000000000,0.00000000000000000000,0.00000000000000000000,-100000000000000000000000000000000000000.00000000000000000000,0.00000000000000000000,0.00000000000000000000,0.00000000000000000000
1678,0.00000000000000000000,0.00000000000000000000,0.00000000000000000000,0.00000000000000000000,-100000000000000000000000000000000000000.00000000000000000000,0.00000000000000000000,0.00000000000000000000,0.00000000000000000000
1673,0.00000000000000000000,0.00000000000000000000,0.00000000000000000000,0.00000000000000000000,-100000000000000000000000000000000000000.00000000000000000000,0.00000000000000000000,0.00000000000000000000,0.00000000000000000000
1672,0.00000000000000000000,0.00000000000000000000,0.00000000000000000000,0.00000000000000000000,-100000000000000000000000000000000000000.00000000000000000000,0.00000000000000000000,0.00000000000000000000,0.00000000000000000000
1675,0.00980392156862745000,0.50000000000000000000,0.50000000000000000000,0.09853292781642932000,0.00970873786407766600,0.00970873786407766600,1.00487804878048780000,0.00000000000000000000
1674,0.00980392156862745000,0.50000000000000000000,0.50000000000000000000,0.09853292781642932000,0.00970873786407766600,0.00970873786407766600,1.00487804878048780000,0.00000000000000000000
1684,0.00980392156862745000,0.50000000000000000000,0.50000000000000000000,0.09853292781642932000,0.00970873786407766600,0.00970873786407766600,1.00487804878048780000,0.00000000000000000000
1686,0.00980392156862745000,0.50000000000000000000,0.50000000000000000000,0.09853292781642932000,0.00970873786407766600,0.00970873786407766600,1.00487804878048780000,0.00000000000000000000
1687,0.00000000000000000000,0.00000000000000000000,0.00000000000000000000,0.00000000000000000000,-100000000000000000000000000000000000000.00000000000000000000,0.00000000000000000000,0.00000000000000000000,0.00000000000000000000
1680,0.00000000000000000000,0.00000000000000000000,0.00000000000000000000,0.00000000000000000000,-100000000000000000000000000000000000000.00000000000000000000,0.00000000000000000000,0.00000000000000000000,0.00000000000000000000
1681,0.00980392156862745000,0.50000000000000000000,0.50000000000000000000,0.09853292781642932000,0.00970873786407766600,0.00970873786407766600,1.00487804878048780000,0.00000000000000000000
1682,0.00980392156862745000,0.50000000000000000000,0.50000000000000000000,0.09853292781642932000,0.00970873786407766600,0.00970873786407766600,1.00487804878048780000,0.00000000000000000000
1683,0.00980392156862745000,0.50000000000000000000,0.50000000000000000000,0.09853292781642932000,0.00970873786407766600,0.00970873786407766600,1.00487804878048780000,0.00000000000000000000
1692,0.00000000000000000000,0.00000000000000000000,0.00000000000000000000,0.00000000000000000000,-100000000000000000000000000000000000000.00000000000000000000,0.00000000000000000000,0.00000000000000000000,0.00000000000000000000
1694,0.00980392156862745000,0.50000000000000000000,0.50000000000000000000,0.09853292781642932000,0.00970873786407766600,0.00970873786407766600,1.00487804878048780000,0.00000000000000000000
1695,0.00000000000000000000,0.00000000000000000000,0.00000000000000000000,0.00000000000000000000,-100000000000000000000000000000000000000.00000000000000000000,0.00000000000000000000,0.00000000000000000000,0.00000000000000000000
1689,0.00000000000000000000,0.00000000000000000000,0.00000000000000000000,0.00000000000000000000,-100000000000000000000000000000000000000.00000000000000000000,0.00000000000000000000,0.00000000000000000000,0.00000000000000000000
1691,0.00980392156862745000,0.50000000000000000000,0.50000000000000000000,0.09853292781642932000,0.00970873786407766600,0.00970873786407766600,1.00487804878048780000,0.00000000000000000000
1898,0.00980392156862745000,0.50000000000000000000,0.50000000000000000000,0.09853292781642932000,0.00970873786407766600,0.00970873786407766600,1.00487804878048780000,0.00000000000000000000
1891,0.00980392156862745000,0.50000000000000000000,0.50000000000000000000,0.09853292781642932000,0.00970873786407766600,0.00970873786407766600,1.00487804878048780000,0.00000000000000000000
1892,0.00000000000000000000,0.00000000000000000000,0.00000000000000000000,0.00000000000000000000,-100000000000000000000000000000000000000.00000000000000000000,0.00000000000000000000,0.00000000000000000000,0.00000000000000000000
5743,0.03333333333333333000,0.77272727272727270000,0.77272727272727270000,0.17960530202677490000,0.70873786407766990000,0.03225806451612900400,1.01639344262295080000,8.48528137423857000000
5754,0.03333333333333333000,0.77272727272727270000,0.77272727272727270000,0.17960530202677490000,0.70873786407766990000,0.03225806451612900400,1.01639344262295080000,8.48528137423857000000
5755,0.00000000000000000000,0.00000000000000000000,0.00000000000000000000,0.00000000000000000000,-100000000000000000000000000000000000000.00000000000000000000,0.00000000000000000000,0.00000000000000000000,0.00000000000000000000
5752,0.00000000000000000000,0.00000000000000000000,0.00000000000000000000,0.00000000000000000000,-100000000000000000000000000000000000000.00000000000000000000,0.00000000000000000000,0.00000000000000000000,0.00000000000000000000
5759,0.04347826086956521600,0.81600000000000000000,0.81600000000000000000,0.20412414523193154000,0.77669902912621360000,0.04166666666666663000,1.02127659574468080000,8.88819441731558900000
5756,0.00000000000000000000,0.00000000000000000000,0.00000000000000000000,0.00000000000000000000,-100000000000000000000000000000000000000.00000000000000000000,0.00000000000000000000,0.00000000000000000000,0.00000000000000000000
5757,0.00000000000000000000,0.00000000000000000000,0.00000000000000000000,0.00000000000000000000,-100000000000000000000000000000000000000.00000000000000000000,0.00000000000000000000,0.00000000000000000000,0.00000000000000000000
5746,0.00000000000000000000,0.00000000000000000000,0.00000000000000000000,0.00000000000000000000,-100000000000000000000000000000000000000.00000000000000000000,0.00000000000000000000,0.00000000000000000000,0.00000000000000000000
5747,0.00000000000000000000,0.00000000000000000000,0.00000000000000000000,0.00000000000000000000,-100000000000000000000000000000000000000.00000000000000000000,0.00000000000000000000,0.00000000000000000000,0.00000000000000000000
5744,0.02941176470588235300,0.75000000000000000000,0.75000000000000000000,0.16903085094570330000,0.66990291262135910000,0.02857142857142858000,1.01449275362318850000,8.24621125123532100000
5745,0.00000000000000000000,0.00000000000000000000,0.00000000000000000000,0.00000000000000000000,-100000000000000000000000000000000000000.00000000000000000000,0.00000000000000000000,0.00000000000000000000,0.00000000000000000000
5750,0.03333333333333333000,0.77272727272727270000,0.77272727272727270000,0.17960530202677490000,0.70873786407766990000,0.03225806451612900400,1.01639344262295080000,8.48528137423857000000
5751,0.00000000000000000000,0.00000000000000000000,0.00000000000000000000,0.00000000000000000000,-0.06796116504854369000,0.00000000000000000000,0.00000000000000000000,0.00000000000000000000
5748,0.03333333333333333000,0.77272727272727270000,0.77272727272727270000,0.17960530202677490000,0.70873786407766990000,0.03225806451612900400,1.01639344262295080000,8.48528137423857000000
5749,0.00000000000000000000,0.00000000000000000000,0.00000000000000000000,0.00000000000000000000,-100000000000000000000000000000000000000.00000000000000000000,0.00000000000000000000,0.00000000000000000000,0.00000000000000000000
1852,0.00980392156862745000,0.50000000000000000000,0.50000000000000000000,0.09853292781642932000,0.00970873786407766600,0.00970873786407766600,1.00487804878048780000,0.00000000000000000000
5647,0.00000000000000000000,0.00000000000000000000,0.00000000000000000000,0.00000000000000000000,-0.03883495145631067600,0.00000000000000000000,0.00000000000000000000,0.00000000000000000000
1855,0.03125000000000000000,0.76119402985074620000,0.76119402985074620000,0.17407765595569785000,0.68932038834951460000,0.03030303030303027600,1.01538461538461530000,8.36660026534075600000
5641,0.20000000000000000000,0.95327102803738320000,0.95327102803738320000,0.40824829046386310000,0.95145631067961170000,0.16666666666666663000,1.09090909090909080000,9.84885780179610400000
1851,0.16666666666666666000,0.94444444444444440000,0.94444444444444440000,0.37796447300922720000,0.94174757281553400000,0.14285714285714290000,1.07692307692307690000,9.79795897113271200000
5660,0.00000000000000000000,0.00000000000000000000,0.00000000000000000000,0.00000000000000000000,-100000000000000000000000000000000000000.00000000000000000000,0.00000000000000000000,0.00000000000000000000,0.00000000000000000000
5661,0.00000000000000000000,0.00000000000000000000,0.00000000000000000000,0.00000000000000000000,-100000000000000000000000000000000000000.00000000000000000000,0.00000000000000000000,0.00000000000000000000,0.00000000000000000000
5662,0.00000000000000000000,0.00000000000000000000,0.00000000000000000000,0.00000000000000000000,-0.00970873786407766900,0.00000000000000000000,0.00000000000000000000,0.00000000000000000000
5663,0.00000000000000000000,0.00000000000000000000,0.00000000000000000000,0.00000000000000000000,-0.02912621359223301000,0.00000000000000000000,0.00000000000000000000,0.00000000000000000000
5658,0.00000000000000000000,0.00000000000000000000,0.00000000000000000000,0.00000000000000000000,-0.01941747572815533800,0.00000000000000000000,0.00000000000000000000,0.00000000000000000000
5659,0.00000000000000000000,0.00000000000000000000,0.00000000000000000000,0.00000000000000000000,-100000000000000000000000000000000000000.00000000000000000000,0.00000000000000000000,0.00000000000000000000,0.00000000000000000000
5652,0.00000000000000000000,0.00000000000000000000,0.00000000000000000000,0.00000000000000000000,-0.00970873786407766900,0.00000000000000000000,0.00000000000000000000,0.00000000000000000000
1829,0.01098901098901099000,0.52849740932642490000,0.52849740932642490000,0.10425720702853739000,0.11650485436893199000,0.01086956521739135300,1.00546448087431700000,3.31662479035540000000
5648,0.00000000000000000000,0.00000000000000000000,0.00000000000000000000,0.00000000000000000000,-0.03883495145631067600,0.00000000000000000000,0.00000000000000000000,0.00000000000000000000
5649,0.00000000000000000000,0.00000000000000000000,0.00000000000000000000,0.00000000000000000000,-0.03883495145631067600,0.00000000000000000000,0.00000000000000000000,0.00000000000000000000
5651,0.00000000000000000000,0.00000000000000000000,0.00000000000000000000,0.00000000000000000000,-100000000000000000000000000000000000000.00000000000000000000,0.00000000000000000000,0.00000000000000000000,0.00000000000000000000
5678,0.00000000000000000000,0.00000000000000000000,0.00000000000000000000,0.00000000000000000000,-100000000000000000000000000000000000000.00000000000000000000,0.00000000000000000000,0.00000000000000000000,0.00000000000000000000
5674,0.33333333333333330000,0.97142857142857150000,0.97142857142857150000,0.50000000000000000000,0.97087378640776700000,0.25000000000000000000,1.14285714285714280000,9.94987437106620000000
5665,0.00000000000000000000,0.00000000000000000000,0.00000000000000000000,0.00000000000000000000,-0.10679611650485436000,0.00000000000000000000,0.00000000000000000000,0.00000000000000000000
5695,0.33333333333333330000,0.97142857142857150000,0.97142857142857150000,0.50000000000000000000,0.97087378640776700000,0.25000000000000000000,1.14285714285714280000,9.94987437106620000000
5682,0.00000000000000000000,0.00000000000000000000,0.00000000000000000000,0.00000000000000000000,-0.00970873786407766900,0.00000000000000000000,0.00000000000000000000,0.00000000000000000000
5681,0.00000000000000000000,0.00000000000000000000,0.00000000000000000000,0.00000000000000000000,-0.00970873786407766900,0.00000000000000000000,0.00000000000000000000,0.00000000000000000000
5851,0.00000000000000000000,0.00000000000000000000,0.00000000000000000000,0.00000000000000000000,-0.00970873786407766900,0.00000000000000000000,0.00000000000000000000,0.00000000000000000000
5853,0.00000000000000000000,0.00000000000000000000,0.00000000000000000000,0.00000000000000000000,-100000000000000000000000000000000000000.00000000000000000000,0.00000000000000000000,0.00000000000000000000,0.00000000000000000000
2029,0.00000000000000000000,0.00000000000000000000,0.00000000000000000000,0.00000000000000000000,-0.02912621359223301000,0.00000000000000000000,0.00000000000000000000,0.00000000000000000000
2028,0.00000000000000000000,0.00000000000000000000,0.00000000000000000000,0.00000000000000000000,-0.02912621359223301000,0.00000000000000000000,0.00000000000000000000,0.00000000000000000000
5760,2.00000000000000000000,1.00000000000000000000,1.00000000000000000000,1.00000000000000000000,1.00000000000000000000,1.00000000000000000000,2.00000000000000000000,10.09950493836207700000
1979,0.00000000000000000000,0.00000000000000000000,0.00000000000000000000,0.00000000000000000000,-100000000000000000000000000000000000000.00000000000000000000,0.00000000000000000000,0.00000000000000000000,0.00000000000000000000
1942,0.00980392156862745000,0.50000000000000000000,0.50000000000000000000,0.09853292781642932000,0.00970873786407766600,0.00970873786407766600,1.00487804878048780000,0.00000000000000000000
1943,0.00980392156862745000,0.50000000000000000000,0.50000000000000000000,0.09853292781642932000,0.00970873786407766600,0.00970873786407766600,1.00487804878048780000,0.00000000000000000000
1940,0.00000000000000000000,0.00000000000000000000,0.00000000000000000000,0.00000000000000000000,-0.00970873786407766900,0.00000000000000000000,0.00000000000000000000,0.00000000000000000000
1941,0.00000000000000000000,0.00000000000000000000,0.00000000000000000000,0.00000000000000000000,-0.03883495145631067600,0.00000000000000000000,0.00000000000000000000,0.00000000000000000000
1939,0.00000000000000000000,0.00000000000000000000,0.00000000000000000000,0.00000000000000000000,-100000000000000000000000000000000000000.00000000000000000000,0.00000000000000000000,0.00000000000000000000,0.00000000000000000000
1949,0.00000000000000000000,0.00000000000000000000,0.00000000000000000000,0.00000000000000000000,-0.00970873786407766900,0.00000000000000000000,0.00000000000000000000,0.00000000000000000000
1944,0.00980392156862745000,0.50000000000000000000,0.50000000000000000000,0.09853292781642932000,0.00970873786407766600,0.00970873786407766600,1.00487804878048780000,0.00000000000000000000
6569,0.00000000000000000000,0.00000000000000000000,0.00000000000000000000,0.00000000000000000000,-100000000000000000000000000000000000000.00000000000000000000,0.00000000000000000000,0.00000000000000000000,0.00000000000000000000
6570,0.00000000000000000000,0.00000000000000000000,0.00000000000000000000,0.00000000000000000000,-0.02912621359223301000,0.00000000000000000000,0.00000000000000000000,0.00000000000000000000
6571,0.00000000000000000000,0.00000000000000000000,0.00000000000000000000,0.00000000000000000000,-100000000000000000000000000000000000000.00000000000000000000,0.00000000000000000000,0.00000000000000000000,0.00000000000000000000
2204,0.00000000000000000000,0.00000000000000000000,0.00000000000000000000,0.00000000000000000000,-100000000000000000000000000000000000000.00000000000000000000,0.00000000000000000000,0.00000000000000000000,0.00000000000000000000
6572,0.00000000000000000000,0.00000000000000000000,0.00000000000000000000,0.00000000000000000000,-0.02912621359223301000,0.00000000000000000000,0.00000000000000000000,0.00000000000000000000
2205,0.00000000000000000000,0.00000000000000000000,0.00000000000000000000,0.00000000000000000000,-100000000000000000000000000000000000000.00000000000000000000,0.00000000000000000000,0.00000000000000000000,0.00000000000000000000
6573,0.00000000000000000000,0.00000000000000000000,0.00000000000000000000,0.00000000000000000000,-0.02912621359223301000,0.00000000000000000000,0.00000000000000000000,0.00000000000000000000
2206,0.00000000000000000000,0.00000000000000000000,0.00000000000000000000,0.00000000000000000000,-100000000000000000000000000000000000000.00000000000000000000,0.00000000000000000000,0.00000000000000000000,0.00000000000000000000
6574,0.00000000000000000000,0.00000000000000000000,0.00000000000000000000,0.00000000000000000000,-100000000000000000000000000000000000000.00000000000000000000,0.00000000000000000000,0.00000000000000000000,0.00000000000000000000
2207,0.00000000000000000000,0.00000000000000000000,0.00000000000000000000,0.00000000000000000000,-100000000000000000000000000000000000000.00000000000000000000,0.00000000000000000000,0.00000000000000000000,0.00000000000000000000
6566,0.20000000000000000000,0.95327102803738320000,0.95327102803738320000,0.40824829046386310000,0.95145631067961170000,0.16666666666666663000,1.09090909090909080000,9.84885780179610400000
6567,0.00000000000000000000,0.00000000000000000000,0.00000000000000000000,0.00000000000000000000,-0.00970873786407766900,0.00000000000000000000,0.00000000000000000000,0.00000000000000000000
2238,0.00980392156862745000,0.50000000000000000000,0.50000000000000000000,0.09853292781642932000,0.00970873786407766600,0.00970873786407766600,1.00487804878048780000,0.00000000000000000000
2236,0.00000000000000000000,0.00000000000000000000,0.00000000000000000000,0.00000000000000000000,-100000000000000000000000000000000000000.00000000000000000000,0.00000000000000000000,0.00000000000000000000,0.00000000000000000000
6530,0.00000000000000000000,0.00000000000000000000,0.00000000000000000000,0.00000000000000000000,-0.05825242718446602000,0.00000000000000000000,0.00000000000000000000,0.00000000000000000000
6531,0.00000000000000000000,0.00000000000000000000,0.00000000000000000000,0.00000000000000000000,-0.04854368932038835000,0.00000000000000000000,0.00000000000000000000,0.00000000000000000000
6534,0.00000000000000000000,0.00000000000000000000,0.00000000000000000000,0.00000000000000000000,-0.01941747572815533800,0.00000000000000000000,0.00000000000000000000,0.00000000000000000000
6535,0.00000000000000000000,0.00000000000000000000,0.00000000000000000000,0.00000000000000000000,-0.02912621359223301000,0.00000000000000000000,0.00000000000000000000,0.00000000000000000000
6532,0.00000000000000000000,0.00000000000000000000,0.00000000000000000000,0.00000000000000000000,-0.04854368932038835000,0.00000000000000000000,0.00000000000000000000,0.00000000000000000000
2208,0.00000000000000000000,0.00000000000000000000,0.00000000000000000000,0.00000000000000000000,-100000000000000000000000000000000000000.00000000000000000000,0.00000000000000000000,0.00000000000000000000,0.00000000000000000000
6636,0.00000000000000000000,0.00000000000000000000,0.00000000000000000000,0.00000000000000000000,-100000000000000000000000000000000000000.00000000000000000000,0.00000000000000000000,0.00000000000000000000,0.00000000000000000000
6637,0.00000000000000000000,0.00000000000000000000,0.00000000000000000000,0.00000000000000000000,-0.00970873786407766900,0.00000000000000000000,0.00000000000000000000,0.00000000000000000000
6638,0.00000000000000000000,0.00000000000000000000,0.00000000000000000000,0.00000000000000000000,-0.00970873786407766900,0.00000000000000000000,0.00000000000000000000,0.00000000000000000000
6639,0.00000000000000000000,0.00000000000000000000,0.00000000000000000000,0.00000000000000000000,-0.00970873786407766900,0.00000000000000000000,0.00000000000000000000,0.00000000000000000000
2264,0.00980392156862745000,0.50000000000000000000,0.50000000000000000000,0.09853292781642932000,0.00970873786407766600,0.00970873786407766600,1.00487804878048780000,0.00000000000000000000
6632,0.00000000000000000000,0.00000000000000000000,0.00000000000000000000,0.00000000000000000000,-0.02912621359223301000,0.00000000000000000000,0.00000000000000000000,0.00000000000000000000
2265,0.00980392156862745000,0.50000000000000000000,0.50000000000000000000,0.09853292781642932000,0.00970873786407766600,0.00970873786407766600,1.00487804878048780000,0.00000000000000000000
6629,0.00000000000000000000,0.00000000000000000000,0.00000000000000000000,0.00000000000000000000,-0.00970873786407766900,0.00000000000000000000,0.00000000000000000000,0.00000000000000000000
6630,0.00000000000000000000,0.00000000000000000000,0.00000000000000000000,0.00000000000000000000,-0.00970873786407766900,0.00000000000000000000,0.00000000000000000000,0.00000000000000000000
2263,0.00980392156862745000,0.50000000000000000000,0.50000000000000000000,0.09853292781642932000,0.00970873786407766600,0.00970873786407766600,1.00487804878048780000,0.00000000000000000000
6624,0.00000000000000000000,0.00000000000000000000,0.00000000000000000000,0.00000000000000000000,-0.01941747572815533800,0.00000000000000000000,0.00000000000000000000,0.00000000000000000000
6625,0.00000000000000000000,0.00000000000000000000,0.00000000000000000000,0.00000000000000000000,-0.01941747572815533800,0.00000000000000000000,0.00000000000000000000,0.00000000000000000000
6626,0.10000000000000000000,0.91071428571428560000,0.91071428571428560000,0.30151134457776363000,0.90291262135922330000,0.09090909090909094000,1.04761904761904770000,9.59166304662543800000
6627,0.00000000000000000000,0.00000000000000000000,0.00000000000000000000,0.00000000000000000000,-0.01941747572815533800,0.00000000000000000000,0.00000000000000000000,0.00000000000000000000
6653,0.00000000000000000000,0.00000000000000000000,0.00000000000000000000,0.00000000000000000000,-0.02912621359223301000,0.00000000000000000000,0.00000000000000000000,0.00000000000000000000
6655,0.00000000000000000000,0.00000000000000000000,0.00000000000000000000,0.00000000000000000000,-0.00970873786407766900,0.00000000000000000000,0.00000000000000000000,0.00000000000000000000
2255,2.00000000000000000000,1.00000000000000000000,1.00000000000000000000,1.00000000000000000000,1.00000000000000000000,1.00000000000000000000,2.00000000000000000000,10.09950493836207700000
6654,0.00000000000000000000,0.00000000000000000000,0.00000000000000000000,0.00000000000000000000,-0.01941747572815533800,0.00000000000000000000,0.00000000000000000000,0.00000000000000000000
2254,0.00980392156862745000,0.50000000000000000000,0.50000000000000000000,0.09853292781642932000,0.00970873786407766600,0.00970873786407766600,1.00487804878048780000,0.00000000000000000000
6649,0.00000000000000000000,0.00000000000000000000,0.00000000000000000000,0.00000000000000000000,-0.03883495145631067600,0.00000000000000000000,0.00000000000000000000,0.00000000000000000000
2249,0.01666666666666666600,0.62962962962962950000,0.62962962962962950000,0.12803687993289598000,0.41747572815533984000,0.01639344262295083800,1.00826446280991730000,6.48074069840786000000
6648,0.00000000000000000000,0.00000000000000000000,0.00000000000000000000,0.00000000000000000000,-0.01941747572815533800,0.00000000000000000000,0.00000000000000000000,0.00000000000000000000
2250,0.00000000000000000000,0.00000000000000000000,0.00000000000000000000,0.00000000000000000000,-0.04854368932038835000,0.00000000000000000000,0.00000000000000000000,0.00000000000000000000
6645,0.00000000000000000000,0.00000000000000000000,0.00000000000000000000,0.00000000000000000000,-100000000000000000000000000000000000000.00000000000000000000,0.00000000000000000000,0.00000000000000000000,0.00000000000000000000
6644,0.00000000000000000000,0.00000000000000000000,0.00000000000000000000,0.00000000000000000000,-100000000000000000000000000000000000000.00000000000000000000,0.00000000000000000000,0.00000000000000000000,0.00000000000000000000
6647,0.00000000000000000000,0.00000000000000000000,0.00000000000000000000,0.00000000000000000000,-0.00970873786407766900,0.00000000000000000000,0.00000000000000000000,0.00000000000000000000
6646,0.00000000000000000000,0.00000000000000000000,0.00000000000000000000,0.00000000000000000000,-100000000000000000000000000000000000000.00000000000000000000,0.00000000000000000000,0.00000000000000000000,0.00000000000000000000
6641,0.00000000000000000000,0.00000000000000000000,0.00000000000000000000,0.00000000000000000000,-100000000000000000000000000000000000000.00000000000000000000,0.00000000000000000000,0.00000000000000000000,0.00000000000000000000
6640,0.00000000000000000000,0.00000000000000000000,0.00000000000000000000,0.00000000000000000000,-100000000000000000000000000000000000000.00000000000000000000,0.00000000000000000000,0.00000000000000000000,0.00000000000000000000
6643,0.00000000000000000000,0.00000000000000000000,0.00000000000000000000,0.00000000000000000000,-0.00970873786407766900,0.00000000000000000000,0.00000000000000000000,0.00000000000000000000
2243,0.00000000000000000000,0.00000000000000000000,0.00000000000000000000,0.00000000000000000000,-100000000000000000000000000000000000000.00000000000000000000,0.00000000000000000000,0.00000000000000000000,0.00000000000000000000
2242,0.00980392156862745000,0.50000000000000000000,0.50000000000000000000,0.09853292781642932000,0.00970873786407766600,0.00970873786407766600,1.00487804878048780000,0.00000000000000000000
6606,0.00000000000000000000,0.00000000000000000000,0.00000000000000000000,0.00000000000000000000,-100000000000000000000000000000000000000.00000000000000000000,0.00000000000000000000,0.00000000000000000000,0.00000000000000000000
6604,0.00000000000000000000,0.00000000000000000000,0.00000000000000000000,0.00000000000000000000,-100000000000000000000000000000000000000.00000000000000000000,0.00000000000000000000,0.00000000000000000000,0.00000000000000000000
6605,0.00000000000000000000,0.00000000000000000000,0.00000000000000000000,0.00000000000000000000,-0.05825242718446602000,0.00000000000000000000,0.00000000000000000000,0.00000000000000000000
6603,0.00000000000000000000,0.00000000000000000000,0.00000000000000000000,0.00000000000000000000,-100000000000000000000000000000000000000.00000000000000000000,0.00000000000000000000,0.00000000000000000000,0.00000000000000000000
6623,0.00000000000000000000,0.00000000000000000000,0.00000000000000000000,0.00000000000000000000,-0.03883495145631067600,0.00000000000000000000,0.00000000000000000000,0.00000000000000000000
2286,0.00000000000000000000,0.00000000000000000000,0.00000000000000000000,0.00000000000000000000,-100000000000000000000000000000000000000.00000000000000000000,0.00000000000000000000,0.00000000000000000000,0.00000000000000000000
6621,0.00000000000000000000,0.00000000000000000000,0.00000000000000000000,0.00000000000000000000,-0.01941747572815533800,0.00000000000000000000,0.00000000000000000000,0.00000000000000000000
2285,0.00980392156862745000,0.50000000000000000000,0.50000000000000000000,0.09853292781642932000,0.00970873786407766600,0.00970873786407766600,1.00487804878048780000,0.00000000000000000000
6620,0.00000000000000000000,0.00000000000000000000,0.00000000000000000000,0.00000000000000000000,-0.00970873786407766900,0.00000000000000000000,0.00000000000000000000,0.00000000000000000000
2284,0.00000000000000000000,0.00000000000000000000,0.00000000000000000000,0.00000000000000000000,-100000000000000000000000000000000000000.00000000000000000000,0.00000000000000000000,0.00000000000000000000,0.00000000000000000000
6619,0.00000000000000000000,0.00000000000000000000,0.00000000000000000000,0.00000000000000000000,-0.01941747572815533800,0.00000000000000000000,0.00000000000000000000,0.00000000000000000000
6617,0.00000000000000000000,0.00000000000000000000,0.00000000000000000000,0.00000000000000000000,-100000000000000000000000000000000000000.00000000000000000000,0.00000000000000000000,0.00000000000000000000,0.00000000000000000000
6616,0.00000000000000000000,0.00000000000000000000,0.00000000000000000000,0.00000000000000000000,-0.05825242718446602000,0.00000000000000000000,0.00000000000000000000,0.00000000000000000000
6615,0.00000000000000000000,0.00000000000000000000,0.00000000000000000000,0.00000000000000000000,-0.01941747572815533800,0.00000000000000000000,0.00000000000000000000,0.00000000000000000000
6614,0.00000000000000000000,0.00000000000000000000,0.00000000000000000000,0.00000000000000000000,-0.03883495145631067600,0.00000000000000000000,0.00000000000000000000,0.00000000000000000000
6613,0.00000000000000000000,0.00000000000000000000,0.00000000000000000000,0.00000000000000000000,-100000000000000000000000000000000000000.00000000000000000000,0.00000000000000000000,0.00000000000000000000,0.00000000000000000000
6612,0.00000000000000000000,0.00000000000000000000,0.00000000000000000000,0.00000000000000000000,-0.04854368932038835000,0.00000000000000000000,0.00000000000000000000,0.00000000000000000000
6611,0.00000000000000000000,0.00000000000000000000,0.00000000000000000000,0.00000000000000000000,-0.24271844660194175000,0.00000000000000000000,0.00000000000000000000,0.00000000000000000000
6610,0.00000000000000000000,0.00000000000000000000,0.00000000000000000000,0.00000000000000000000,-0.04854368932038835000,0.00000000000000000000,0.00000000000000000000,0.00000000000000000000
6609,0.00000000000000000000,0.00000000000000000000,0.00000000000000000000,0.00000000000000000000,-0.14563106796116504000,0.00000000000000000000,0.00000000000000000000,0.00000000000000000000
6608,0.00000000000000000000,0.00000000000000000000,0.00000000000000000000,0.00000000000000000000,-0.00970873786407766900,0.00000000000000000000,0.00000000000000000000,0.00000000000000000000
2076,0.00980392156862745000,0.50000000000000000000,0.50000000000000000000,0.09853292781642932000,0.00970873786407766600,0.00970873786407766600,1.00487804878048780000,0.00000000000000000000
6406,0.00000000000000000000,0.00000000000000000000,0.00000000000000000000,0.00000000000000000000,-0.05825242718446602000,0.00000000000000000000,0.00000000000000000000,0.00000000000000000000
6405,0.00000000000000000000,0.00000000000000000000,0.00000000000000000000,0.00000000000000000000,-0.00970873786407766900,0.00000000000000000000,0.00000000000000000000,0.00000000000000000000
2090,0.00000000000000000000,0.00000000000000000000,0.00000000000000000000,0.00000000000000000000,-100000000000000000000000000000000000000.00000000000000000000,0.00000000000000000000,0.00000000000000000000,0.00000000000000000000
2091,0.00000000000000000000,0.00000000000000000000,0.00000000000000000000,0.00000000000000000000,-100000000000000000000000000000000000000.00000000000000000000,0.00000000000000000000,0.00000000000000000000,0.00000000000000000000
2089,0.00980392156862745000,0.50000000000000000000,0.50000000000000000000,0.09853292781642932000,0.00970873786407766600,0.00970873786407766600,1.00487804878048780000,0.00000000000000000000
2092,0.00000000000000000000,0.00000000000000000000,0.00000000000000000000,0.00000000000000000000,-100000000000000000000000000000000000000.00000000000000000000,0.00000000000000000000,0.00000000000000000000,0.00000000000000000000
2093,0.00000000000000000000,0.00000000000000000000,0.00000000000000000000,0.00000000000000000000,-0.05825242718446602000,0.00000000000000000000,0.00000000000000000000,0.00000000000000000000
6497,0.00000000000000000000,0.00000000000000000000,0.00000000000000000000,0.00000000000000000000,-0.10679611650485436000,0.00000000000000000000,0.00000000000000000000,0.00000000000000000000
6498,0.00000000000000000000,0.00000000000000000000,0.00000000000000000000,0.00000000000000000000,-100000000000000000000000000000000000000.00000000000000000000,0.00000000000000000000,0.00000000000000000000,0.00000000000000000000
2137,0.00980392156862745000,0.50000000000000000000,0.50000000000000000000,0.09853292781642932000,0.00970873786407766600,0.00970873786407766600,1.00487804878048780000,0.00000000000000000000
2136,0.01666666666666666600,0.62962962962962950000,0.62962962962962950000,0.12803687993289598000,0.41747572815533984000,0.01639344262295083800,1.00826446280991730000,6.48074069840786000000
2138,0.00000000000000000000,0.00000000000000000000,0.00000000000000000000,0.00000000000000000000,-100000000000000000000000000000000000000.00000000000000000000,0.00000000000000000000,0.00000000000000000000,0.00000000000000000000
6516,0.00000000000000000000,0.00000000000000000000,0.00000000000000000000,0.00000000000000000000,-0.07766990291262135000,0.00000000000000000000,0.00000000000000000000,0.00000000000000000000
6517,0.00000000000000000000,0.00000000000000000000,0.00000000000000000000,0.00000000000000000000,-0.00970873786407766900,0.00000000000000000000,0.00000000000000000000,0.00000000000000000000
6518,0.00000000000000000000,0.00000000000000000000,0.00000000000000000000,0.00000000000000000000,-100000000000000000000000000000000000000.00000000000000000000,0.00000000000000000000,0.00000000000000000000,0.00000000000000000000
2113,0.00000000000000000000,0.00000000000000000000,0.00000000000000000000,0.00000000000000000000,-0.05825242718446602000,0.00000000000000000000,0.00000000000000000000,0.00000000000000000000
6513,0.20000000000000000000,0.95327102803738320000,0.95327102803738320000,0.40824829046386310000,0.95145631067961170000,0.16666666666666663000,1.09090909090909080000,9.84885780179610400000
6514,0.20000000000000000000,0.95327102803738320000,0.95327102803738320000,0.40824829046386310000,0.95145631067961170000,0.16666666666666663000,1.09090909090909080000,9.84885780179610400000
6515,0.00000000000000000000,0.00000000000000000000,0.00000000000000000000,0.00000000000000000000,-0.13592233009708737000,0.00000000000000000000,0.00000000000000000000,0.00000000000000000000
6524,0.00000000000000000000,0.00000000000000000000,0.00000000000000000000,0.00000000000000000000,-0.05825242718446602000,0.00000000000000000000,0.00000000000000000000,0.00000000000000000000
6526,0.00000000000000000000,0.00000000000000000000,0.00000000000000000000,0.00000000000000000000,-0.05825242718446602000,0.00000000000000000000,0.00000000000000000000,0.00000000000000000000
6527,0.00000000000000000000,0.00000000000000000000,0.00000000000000000000,0.00000000000000000000,-0.01941747572815533800,0.00000000000000000000,0.00000000000000000000,0.00000000000000000000
6520,0.00000000000000000000,0.00000000000000000000,0.00000000000000000000,0.00000000000000000000,-0.04854368932038835000,0.00000000000000000000,0.00000000000000000000,0.00000000000000000000
6521,0.00000000000000000000,0.00000000000000000000,0.00000000000000000000,0.00000000000000000000,-0.04854368932038835000,0.00000000000000000000,0.00000000000000000000,0.00000000000000000000
6522,0.00000000000000000000,0.00000000000000000000,0.00000000000000000000,0.00000000000000000000,-0.00970873786407766900,0.00000000000000000000,0.00000000000000000000,0.00000000000000000000
6523,0.00000000000000000000,0.00000000000000000000,0.00000000000000000000,0.00000000000000000000,-0.00970873786407766900,0.00000000000000000000,0.00000000000000000000,0.00000000000000000000
6467,0.00000000000000000000,0.00000000000000000000,0.00000000000000000000,0.00000000000000000000,-0.01941747572815533800,0.00000000000000000000,0.00000000000000000000,0.00000000000000000000
6479,0.00000000000000000000,0.00000000000000000000,0.00000000000000000000,0.00000000000000000000,-100000000000000000000000000000000000000.00000000000000000000,0.00000000000000000000,0.00000000000000000000,0.00000000000000000000
6478,0.00000000000000000000,0.00000000000000000000,0.00000000000000000000,0.00000000000000000000,-0.01941747572815533800,0.00000000000000000000,0.00000000000000000000,0.00000000000000000000
6476,0.00000000000000000000,0.00000000000000000000,0.00000000000000000000,0.00000000000000000000,-0.01941747572815533800,0.00000000000000000000,0.00000000000000000000,0.00000000000000000000
6475,0.00000000000000000000,0.00000000000000000000,0.00000000000000000000,0.00000000000000000000,-100000000000000000000000000000000000000.00000000000000000000,0.00000000000000000000,0.00000000000000000000,0.00000000000000000000
6474,0.00000000000000000000,0.00000000000000000000,0.00000000000000000000,0.00000000000000000000,-100000000000000000000000000000000000000.00000000000000000000,0.00000000000000000000,0.00000000000000000000,0.00000000000000000000
6473,0.00000000000000000000,0.00000000000000000000,0.00000000000000000000,0.00000000000000000000,-0.01941747572815533800,0.00000000000000000000,0.00000000000000000000,0.00000000000000000000
2151,0.00000000000000000000,0.00000000000000000000,0.00000000000000000000,0.00000000000000000000,-100000000000000000000000000000000000000.00000000000000000000,0.00000000000000000000,0.00000000000000000000,0.00000000000000000000
6494,0.00000000000000000000,0.00000000000000000000,0.00000000000000000000,0.00000000000000000000,-100000000000000000000000000000000000000.00000000000000000000,0.00000000000000000000,0.00000000000000000000,0.00000000000000000000
6492,0.00000000000000000000,0.00000000000000000000,0.00000000000000000000,0.00000000000000000000,-0.89320388349514570000,0.00000000000000000000,0.00000000000000000000,0.00000000000000000000
6491,0.00000000000000000000,0.00000000000000000000,0.00000000000000000000,0.00000000000000000000,-0.89320388349514570000,0.00000000000000000000,0.00000000000000000000,0.00000000000000000000
6322,0.00000000000000000000,0.00000000000000000000,0.00000000000000000000,0.00000000000000000000,-0.00970873786407766900,0.00000000000000000000,0.00000000000000000000,0.00000000000000000000
2463,0.00000000000000000000,0.00000000000000000000,0.00000000000000000000,0.00000000000000000000,-100000000000000000000000000000000000000.00000000000000000000,0.00000000000000000000,0.00000000000000000000,0.00000000000000000000
6280,0.00000000000000000000,0.00000000000000000000,0.00000000000000000000,0.00000000000000000000,-100000000000000000000000000000000000000.00000000000000000000,0.00000000000000000000,0.00000000000000000000,0.00000000000000000000
2488,0.00000000000000000000,0.00000000000000000000,0.00000000000000000000,0.00000000000000000000,-100000000000000000000000000000000000000.00000000000000000000,0.00000000000000000000,0.00000000000000000000,0.00000000000000000000
6275,0.00000000000000000000,0.00000000000000000000,0.00000000000000000000,0.00000000000000000000,-0.02912621359223301000,0.00000000000000000000,0.00000000000000000000,0.00000000000000000000
6276,0.00000000000000000000,0.00000000000000000000,0.00000000000000000000,0.00000000000000000000,-100000000000000000000000000000000000000.00000000000000000000,0.00000000000000000000,0.00000000000000000000,0.00000000000000000000
2484,0.00000000000000000000,0.00000000000000000000,0.00000000000000000000,0.00000000000000000000,-100000000000000000000000000000000000000.00000000000000000000,0.00000000000000000000,0.00000000000000000000,0.00000000000000000000
6277,0.00000000000000000000,0.00000000000000000000,0.00000000000000000000,0.00000000000000000000,-0.02912621359223301000,0.00000000000000000000,0.00000000000000000000,0.00000000000000000000
6279,0.00000000000000000000,0.00000000000000000000,0.00000000000000000000,0.00000000000000000000,-0.02912621359223301000,0.00000000000000000000,0.00000000000000000000,0.00000000000000000000
2509,0.00980392156862745000,0.50000000000000000000,0.50000000000000000000,0.09853292781642932000,0.00970873786407766600,0.00970873786407766600,1.00487804878048780000,0.00000000000000000000
2508,0.00980392156862745000,0.50000000000000000000,0.50000000000000000000,0.09853292781642932000,0.00970873786407766600,0.00970873786407766600,1.00487804878048780000,0.00000000000000000000
2507,0.00980392156862745000,0.50000000000000000000,0.50000000000000000000,0.09853292781642932000,0.00970873786407766600,0.00970873786407766600,1.00487804878048780000,0.00000000000000000000
2312,0.00980392156862745000,0.50000000000000000000,0.50000000000000000000,0.09853292781642932000,0.00970873786407766600,0.00970873786407766600,1.00487804878048780000,0.00000000000000000000
6201,0.00000000000000000000,0.00000000000000000000,0.00000000000000000000,0.00000000000000000000,-0.01941747572815533800,0.00000000000000000000,0.00000000000000000000,0.00000000000000000000
6162,0.00000000000000000000,0.00000000000000000000,0.00000000000000000000,0.00000000000000000000,-100000000000000000000000000000000000000.00000000000000000000,0.00000000000000000000,0.00000000000000000000,0.00000000000000000000
6163,0.00000000000000000000,0.00000000000000000000,0.00000000000000000000,0.00000000000000000000,-100000000000000000000000000000000000000.00000000000000000000,0.00000000000000000000,0.00000000000000000000,0.00000000000000000000
6165,0.00000000000000000000,0.00000000000000000000,0.00000000000000000000,0.00000000000000000000,-0.01941747572815533800,0.00000000000000000000,0.00000000000000000000,0.00000000000000000000
6166,0.00000000000000000000,0.00000000000000000000,0.00000000000000000000,0.00000000000000000000,-100000000000000000000000000000000000000.00000000000000000000,0.00000000000000000000,0.00000000000000000000,0.00000000000000000000
6147,0.00000000000000000000,0.00000000000000000000,0.00000000000000000000,0.00000000000000000000,-0.01941747572815533800,0.00000000000000000000,0.00000000000000000000,0.00000000000000000000
6146,0.00000000000000000000,0.00000000000000000000,0.00000000000000000000,0.00000000000000000000,-0.01941747572815533800,0.00000000000000000000,0.00000000000000000000,0.00000000000000000000
6149,0.00000000000000000000,0.00000000000000000000,0.00000000000000000000,0.00000000000000000000,-100000000000000000000000000000000000000.00000000000000000000,0.00000000000000000000,0.00000000000000000000,0.00000000000000000000
6148,0.00000000000000000000,0.00000000000000000000,0.00000000000000000000,0.00000000000000000000,-100000000000000000000000000000000000000.00000000000000000000,0.00000000000000000000,0.00000000000000000000,0.00000000000000000000
6151,0.00000000000000000000,0.00000000000000000000,0.00000000000000000000,0.00000000000000000000,-100000000000000000000000000000000000000.00000000000000000000,0.00000000000000000000,0.00000000000000000000,0.00000000000000000000
6150,0.00000000000000000000,0.00000000000000000000,0.00000000000000000000,0.00000000000000000000,-0.01941747572815533800,0.00000000000000000000,0.00000000000000000000,0.00000000000000000000
6159,0.00000000000000000000,0.00000000000000000000,0.00000000000000000000,0.00000000000000000000,-100000000000000000000000000000000000000.00000000000000000000,0.00000000000000000000,0.00000000000000000000,0.00000000000000000000
6158,0.00000000000000000000,0.00000000000000000000,0.00000000000000000000,0.00000000000000000000,-0.01941747572815533800,0.00000000000000000000,0.00000000000000000000,0.00000000000000000000
2375,0.00000000000000000000,0.00000000000000000000,0.00000000000000000000,0.00000000000000000000,-0.15533980582524270000,0.00000000000000000000,0.00000000000000000000,0.00000000000000000000
6256,0.00000000000000000000,0.00000000000000000000,0.00000000000000000000,0.00000000000000000000,-100000000000000000000000000000000000000.00000000000000000000,0.00000000000000000000,0.00000000000000000000,0.00000000000000000000
6254,0.00000000000000000000,0.00000000000000000000,0.00000000000000000000,0.00000000000000000000,-0.00970873786407766900,0.00000000000000000000,0.00000000000000000000,0.00000000000000000000
6252,0.00000000000000000000,0.00000000000000000000,0.00000000000000000000,0.00000000000000000000,-100000000000000000000000000000000000000.00000000000000000000,0.00000000000000000000,0.00000000000000000000,0.00000000000000000000
6251,0.00000000000000000000,0.00000000000000000000,0.00000000000000000000,0.00000000000000000000,-100000000000000000000000000000000000000.00000000000000000000,0.00000000000000000000,0.00000000000000000000,0.00000000000000000000
6250,0.00000000000000000000,0.00000000000000000000,0.00000000000000000000,0.00000000000000000000,-100000000000000000000000000000000000000.00000000000000000000,0.00000000000000000000,0.00000000000000000000,0.00000000000000000000
6249,0.00000000000000000000,0.00000000000000000000,0.00000000000000000000,0.00000000000000000000,-0.00970873786407766900,0.00000000000000000000,0.00000000000000000000,0.00000000000000000000
7046,0.00980392156862745000,0.50000000000000000000,0.50000000000000000000,0.09853292781642932000,0.00970873786407766600,0.00970873786407766600,1.00487804878048780000,0.00000000000000000000
7044,0.00000000000000000000,0.00000000000000000000,0.00000000000000000000,0.00000000000000000000,-0.00970873786407766900,0.00000000000000000000,0.00000000000000000000,0.00000000000000000000
7045,0.00000000000000000000,0.00000000000000000000,0.00000000000000000000,0.00000000000000000000,-0.06796116504854369000,0.00000000000000000000,0.00000000000000000000,0.00000000000000000000
7042,0.00000000000000000000,0.00000000000000000000,0.00000000000000000000,0.00000000000000000000,-100000000000000000000000000000000000000.00000000000000000000,0.00000000000000000000,0.00000000000000000000,0.00000000000000000000
7043,0.00000000000000000000,0.00000000000000000000,0.00000000000000000000,0.00000000000000000000,-100000000000000000000000000000000000000.00000000000000000000,0.00000000000000000000,0.00000000000000000000,0.00000000000000000000
7071,0.00000000000000000000,0.00000000000000000000,0.00000000000000000000,0.00000000000000000000,-100000000000000000000000000000000000000.00000000000000000000,0.00000000000000000000,0.00000000000000000000,0.00000000000000000000
7068,0.00980392156862745000,0.50000000000000000000,0.50000000000000000000,0.09853292781642932000,0.00970873786407766600,0.00970873786407766600,1.00487804878048780000,0.00000000000000000000
2716,2.00000000000000000000,1.00000000000000000000,1.00000000000000000000,1.00000000000000000000,1.00000000000000000000,1.00000000000000000000,2.00000000000000000000,10.09950493836207700000
2717,0.00000000000000000000,0.00000000000000000000,0.00000000000000000000,0.00000000000000000000,-100000000000000000000000000000000000000.00000000000000000000,0.00000000000000000000,0.00000000000000000000,0.00000000000000000000
7085,0.00000000000000000000,0.00000000000000000000,0.00000000000000000000,0.00000000000000000000,-0.01941747572815533800,0.00000000000000000000,0.00000000000000000000,0.00000000000000000000
2712,0.00000000000000000000,0.00000000000000000000,0.00000000000000000000,0.00000000000000000000,-100000000000000000000000000000000000000.00000000000000000000,0.00000000000000000000,0.00000000000000000000,0.00000000000000000000
7080,0.01666666666666666600,0.62962962962962950000,0.62962962962962950000,0.12803687993289598000,0.41747572815533984000,0.01639344262295083800,1.00826446280991730000,6.48074069840786000000
7081,0.00000000000000000000,0.00000000000000000000,0.00000000000000000000,0.00000000000000000000,-100000000000000000000000000000000000000.00000000000000000000,0.00000000000000000000,0.00000000000000000000,0.00000000000000000000
7082,0.00000000000000000000,0.00000000000000000000,0.00000000000000000000,0.00000000000000000000,-0.07766990291262135000,0.00000000000000000000,0.00000000000000000000,0.00000000000000000000
2708,2.00000000000000000000,1.00000000000000000000,1.00000000000000000000,1.00000000000000000000,1.00000000000000000000,1.00000000000000000000,2.00000000000000000000,10.09950493836207700000
7076,0.00000000000000000000,0.00000000000000000000,0.00000000000000000000,0.00000000000000000000,-0.00970873786407766900,0.00000000000000000000,0.00000000000000000000,0.00000000000000000000
2709,0.00000000000000000000,0.00000000000000000000,0.00000000000000000000,0.00000000000000000000,-100000000000000000000000000000000000000.00000000000000000000,0.00000000000000000000,0.00000000000000000000,0.00000000000000000000
2710,2.00000000000000000000,1.00000000000000000000,1.00000000000000000000,1.00000000000000000000,1.00000000000000000000,1.00000000000000000000,2.00000000000000000000,10.09950493836207700000
7079,0.01666666666666666600,0.62962962962962950000,0.62962962962962950000,0.12803687993289598000,0.41747572815533984000,0.01639344262295083800,1.00826446280991730000,6.48074069840786000000
2704,2.00000000000000000000,1.00000000000000000000,1.00000000000000000000,1.00000000000000000000,1.00000000000000000000,1.00000000000000000000,2.00000000000000000000,10.09950493836207700000
7072,0.00000000000000000000,0.00000000000000000000,0.00000000000000000000,0.00000000000000000000,-0.00970873786407766900,0.00000000000000000000,0.00000000000000000000,0.00000000000000000000
2705,2.00000000000000000000,1.00000000000000000000,1.00000000000000000000,1.00000000000000000000,1.00000000000000000000,1.00000000000000000000,2.00000000000000000000,10.09950493836207700000
7073,0.00000000000000000000,0.00000000000000000000,0.00000000000000000000,0.00000000000000000000,-100000000000000000000000000000000000000.00000000000000000000,0.00000000000000000000,0.00000000000000000000,0.00000000000000000000
2706,2.00000000000000000000,1.00000000000000000000,1.00000000000000000000,1.00000000000000000000,1.00000000000000000000,1.00000000000000000000,2.00000000000000000000,10.09950493836207700000
2707,2.00000000000000000000,1.00000000000000000000,1.00000000000000000000,1.00000000000000000000,1.00000000000000000000,1.00000000000000000000,2.00000000000000000000,10.09950493836207700000
7075,0.00000000000000000000,0.00000000000000000000,0.00000000000000000000,0.00000000000000000000,-0.00970873786407766900,0.00000000000000000000,0.00000000000000000000,0.00000000000000000000
7101,0.00000000000000000000,0.00000000000000000000,0.00000000000000000000,0.00000000000000000000,-100000000000000000000000000000000000000.00000000000000000000,0.00000000000000000000,0.00000000000000000000,0.00000000000000000000
2703,2.00000000000000000000,1.00000000000000000000,1.00000000000000000000,1.00000000000000000000,1.00000000000000000000,1.00000000000000000000,2.00000000000000000000,10.09950493836207700000
2702,2.00000000000000000000,1.00000000000000000000,1.00000000000000000000,1.00000000000000000000,1.00000000000000000000,1.00000000000000000000,2.00000000000000000000,10.09950493836207700000
7102,0.00000000000000000000,0.00000000000000000000,0.00000000000000000000,0.00000000000000000000,-100000000000000000000000000000000000000.00000000000000000000,0.00000000000000000000,0.00000000000000000000,0.00000000000000000000
7096,0.00000000000000000000,0.00000000000000000000,0.00000000000000000000,0.00000000000000000000,-0.04854368932038835000,0.00000000000000000000,0.00000000000000000000,0.00000000000000000000
7088,0.00000000000000000000,0.00000000000000000000,0.00000000000000000000,0.00000000000000000000,-100000000000000000000000000000000000000.00000000000000000000,0.00000000000000000000,0.00000000000000000000,0.00000000000000000000
7090,0.00000000000000000000,0.00000000000000000000,0.00000000000000000000,0.00000000000000000000,-100000000000000000000000000000000000000.00000000000000000000,0.00000000000000000000,0.00000000000000000000,0.00000000000000000000
7110,0.00000000000000000000,0.00000000000000000000,0.00000000000000000000,0.00000000000000000000,-0.05825242718446602000,0.00000000000000000000,0.00000000000000000000,0.00000000000000000000
7135,0.00980392156862745000,0.50000000000000000000,0.50000000000000000000,0.09853292781642932000,0.00970873786407766600,0.00970873786407766600,1.00487804878048780000,0.00000000000000000000
7134,0.00980392156862745000,0.50000000000000000000,0.50000000000000000000,0.09853292781642932000,0.00970873786407766600,0.00970873786407766600,1.00487804878048780000,0.00000000000000000000
7146,0.00000000000000000000,0.00000000000000000000,0.00000000000000000000,0.00000000000000000000,-0.00970873786407766900,0.00000000000000000000,0.00000000000000000000,0.00000000000000000000
7147,0.00000000000000000000,0.00000000000000000000,0.00000000000000000000,0.00000000000000000000,-100000000000000000000000000000000000000.00000000000000000000,0.00000000000000000000,0.00000000000000000000,0.00000000000000000000
7148,0.00000000000000000000,0.00000000000000000000,0.00000000000000000000,0.00000000000000000000,-0.01941747572815533800,0.00000000000000000000,0.00000000000000000000,0.00000000000000000000
7136,0.00980392156862745000,0.50000000000000000000,0.50000000000000000000,0.09853292781642932000,0.00970873786407766600,0.00970873786407766600,1.00487804878048780000,0.00000000000000000000
7137,0.00980392156862745000,0.50000000000000000000,0.50000000000000000000,0.09853292781642932000,0.00970873786407766600,0.00970873786407766600,1.00487804878048780000,0.00000000000000000000
7138,0.00000000000000000000,0.00000000000000000000,0.00000000000000000000,0.00000000000000000000,-100000000000000000000000000000000000000.00000000000000000000,0.00000000000000000000,0.00000000000000000000,0.00000000000000000000
7140,0.00000000000000000000,0.00000000000000000000,0.00000000000000000000,0.00000000000000000000,-100000000000000000000000000000000000000.00000000000000000000,0.00000000000000000000,0.00000000000000000000,0.00000000000000000000
7163,0.00000000000000000000,0.00000000000000000000,0.00000000000000000000,0.00000000000000000000,-0.01941747572815533800,0.00000000000000000000,0.00000000000000000000,0.00000000000000000000
7164,0.00000000000000000000,0.00000000000000000000,0.00000000000000000000,0.00000000000000000000,-0.01941747572815533800,0.00000000000000000000,0.00000000000000000000,0.00000000000000000000
7167,0.00980392156862745000,0.50000000000000000000,0.50000000000000000000,0.09853292781642932000,0.00970873786407766600,0.00970873786407766600,1.00487804878048780000,0.00000000000000000000
7166,0.00000000000000000000,0.00000000000000000000,0.00000000000000000000,0.00000000000000000000,-100000000000000000000000000000000000000.00000000000000000000,0.00000000000000000000,0.00000000000000000000,0.00000000000000000000
6918,0.00000000000000000000,0.00000000000000000000,0.00000000000000000000,0.00000000000000000000,-100000000000000000000000000000000000000.00000000000000000000,0.00000000000000000000,0.00000000000000000000,0.00000000000000000000
6917,0.00000000000000000000,0.00000000000000000000,0.00000000000000000000,0.00000000000000000000,-100000000000000000000000000000000000000.00000000000000000000,0.00000000000000000000,0.00000000000000000000,0.00000000000000000000
6916,0.00000000000000000000,0.00000000000000000000,0.00000000000000000000,0.00000000000000000000,-0.00970873786407766900,0.00000000000000000000,0.00000000000000000000,0.00000000000000000000
2590,0.00000000000000000000,0.00000000000000000000,0.00000000000000000000,0.00000000000000000000,-0.00970873786407766900,0.00000000000000000000,0.00000000000000000000,0.00000000000000000000
2682,0.00000000000000000000,0.00000000000000000000,0.00000000000000000000,0.00000000000000000000,-0.02912621359223301000,0.00000000000000000000,0.00000000000000000000,0.00000000000000000000
2664,0.16666666666666666000,0.94444444444444440000,0.94444444444444440000,0.37796447300922720000,0.94174757281553400000,0.14285714285714290000,1.07692307692307690000,9.79795897113271200000
7006,0.00000000000000000000,0.00000000000000000000,0.00000000000000000000,0.00000000000000000000,-100000000000000000000000000000000000000.00000000000000000000,0.00000000000000000000,0.00000000000000000000,0.00000000000000000000
7005,0.00000000000000000000,0.00000000000000000000,0.00000000000000000000,0.00000000000000000000,-0.00970873786407766900,0.00000000000000000000,0.00000000000000000000,0.00000000000000000000
7011,0.00000000000000000000,0.00000000000000000000,0.00000000000000000000,0.00000000000000000000,-0.00970873786407766900,0.00000000000000000000,0.00000000000000000000,0.00000000000000000000
2651,0.00000000000000000000,0.00000000000000000000,0.00000000000000000000,0.00000000000000000000,-100000000000000000000000000000000000000.00000000000000000000,0.00000000000000000000,0.00000000000000000000,0.00000000000000000000
7022,0.00000000000000000000,0.00000000000000000000,0.00000000000000000000,0.00000000000000000000,-0.03883495145631067600,0.00000000000000000000,0.00000000000000000000,0.00000000000000000000
6808,0.00000000000000000000,0.00000000000000000000,0.00000000000000000000,0.00000000000000000000,-0.00970873786407766900,0.00000000000000000000,0.00000000000000000000,0.00000000000000000000
6805,0.00000000000000000000,0.00000000000000000000,0.00000000000000000000,0.00000000000000000000,-0.00970873786407766900,0.00000000000000000000,0.00000000000000000000,0.00000000000000000000
6804,0.00000000000000000000,0.00000000000000000000,0.00000000000000000000,0.00000000000000000000,-0.01941747572815533800,0.00000000000000000000,0.00000000000000000000,0.00000000000000000000
6807,0.00000000000000000000,0.00000000000000000000,0.00000000000000000000,0.00000000000000000000,-0.00970873786407766900,0.00000000000000000000,0.00000000000000000000,0.00000000000000000000
6800,0.00000000000000000000,0.00000000000000000000,0.00000000000000000000,0.00000000000000000000,-0.00970873786407766900,0.00000000000000000000,0.00000000000000000000,0.00000000000000000000
2976,0.00000000000000000000,0.00000000000000000000,0.00000000000000000000,0.00000000000000000000,-0.19417475728155340000,0.00000000000000000000,0.00000000000000000000,0.00000000000000000000
6786,0.00000000000000000000,0.00000000000000000000,0.00000000000000000000,0.00000000000000000000,-0.01941747572815533800,0.00000000000000000000,0.00000000000000000000,0.00000000000000000000
6787,0.00000000000000000000,0.00000000000000000000,0.00000000000000000000,0.00000000000000000000,-100000000000000000000000000000000000000.00000000000000000000,0.00000000000000000000,0.00000000000000000000,0.00000000000000000000
6843,0.00000000000000000000,0.00000000000000000000,0.00000000000000000000,0.00000000000000000000,-0.00970873786407766900,0.00000000000000000000,0.00000000000000000000,0.00000000000000000000
6838,0.00000000000000000000,0.00000000000000000000,0.00000000000000000000,0.00000000000000000000,-0.00970873786407766900,0.00000000000000000000,0.00000000000000000000,0.00000000000000000000
6824,0.00000000000000000000,0.00000000000000000000,0.00000000000000000000,0.00000000000000000000,-0.04854368932038835000,0.00000000000000000000,0.00000000000000000000,0.00000000000000000000
6875,0.00000000000000000000,0.00000000000000000000,0.00000000000000000000,0.00000000000000000000,-100000000000000000000000000000000000000.00000000000000000000,0.00000000000000000000,0.00000000000000000000,0.00000000000000000000
6874,0.00000000000000000000,0.00000000000000000000,0.00000000000000000000,0.00000000000000000000,-0.03883495145631067600,0.00000000000000000000,0.00000000000000000000,0.00000000000000000000
6877,0.00000000000000000000,0.00000000000000000000,0.00000000000000000000,0.00000000000000000000,-0.03883495145631067600,0.00000000000000000000,0.00000000000000000000,0.00000000000000000000
6876,0.00000000000000000000,0.00000000000000000000,0.00000000000000000000,0.00000000000000000000,-100000000000000000000000000000000000000.00000000000000000000,0.00000000000000000000,0.00000000000000000000,0.00000000000000000000
6879,0.00000000000000000000,0.00000000000000000000,0.00000000000000000000,0.00000000000000000000,-100000000000000000000000000000000000000.00000000000000000000,0.00000000000000000000,0.00000000000000000000,0.00000000000000000000
6878,0.00000000000000000000,0.00000000000000000000,0.00000000000000000000,0.00000000000000000000,-0.03883495145631067600,0.00000000000000000000,0.00000000000000000000,0.00000000000000000000
6867,0.00000000000000000000,0.00000000000000000000,0.00000000000000000000,0.00000000000000000000,-0.01941747572815533800,0.00000000000000000000,0.00000000000000000000,0.00000000000000000000
3062,0.00000000000000000000,0.00000000000000000000,0.00000000000000000000,0.00000000000000000000,-100000000000000000000000000000000000000.00000000000000000000,0.00000000000000000000,0.00000000000000000000,0.00000000000000000000
6907,0.00000000000000000000,0.00000000000000000000,0.00000000000000000000,0.00000000000000000000,-0.00970873786407766900,0.00000000000000000000,0.00000000000000000000,0.00000000000000000000
6905,0.00000000000000000000,0.00000000000000000000,0.00000000000000000000,0.00000000000000000000,-0.01941747572815533800,0.00000000000000000000,0.00000000000000000000,0.00000000000000000000
6904,2.00000000000000000000,1.00000000000000000000,1.00000000000000000000,1.00000000000000000000,1.00000000000000000000,1.00000000000000000000,2.00000000000000000000,10.09950493836207700000
6909,0.00000000000000000000,0.00000000000000000000,0.00000000000000000000,0.00000000000000000000,-0.11650485436893204000,0.00000000000000000000,0.00000000000000000000,0.00000000000000000000
6908,0.00000000000000000000,0.00000000000000000000,0.00000000000000000000,0.00000000000000000000,-100000000000000000000000000000000000000.00000000000000000000,0.00000000000000000000,0.00000000000000000000,0.00000000000000000000
6896,0.00000000000000000000,0.00000000000000000000,0.00000000000000000000,0.00000000000000000000,-0.03883495145631067600,0.00000000000000000000,0.00000000000000000000,0.00000000000000000000
6890,0.00000000000000000000,0.00000000000000000000,0.00000000000000000000,0.00000000000000000000,-0.00970873786407766900,0.00000000000000000000,0.00000000000000000000,0.00000000000000000000
6891,0.00000000000000000000,0.00000000000000000000,0.00000000000000000000,0.00000000000000000000,-100000000000000000000000000000000000000.00000000000000000000,0.00000000000000000000,0.00000000000000000000,0.00000000000000000000
6888,0.00000000000000000000,0.00000000000000000000,0.00000000000000000000,0.00000000000000000000,-100000000000000000000000000000000000000.00000000000000000000,0.00000000000000000000,0.00000000000000000000,0.00000000000000000000
6894,0.00000000000000000000,0.00000000000000000000,0.00000000000000000000,0.00000000000000000000,-0.02912621359223301000,0.00000000000000000000,0.00000000000000000000,0.00000000000000000000
6895,0.00000000000000000000,0.00000000000000000000,0.00000000000000000000,0.00000000000000000000,-0.03883495145631067600,0.00000000000000000000,0.00000000000000000000,0.00000000000000000000
6892,0.00000000000000000000,0.00000000000000000000,0.00000000000000000000,0.00000000000000000000,-100000000000000000000000000000000000000.00000000000000000000,0.00000000000000000000,0.00000000000000000000,0.00000000000000000000
6893,0.00000000000000000000,0.00000000000000000000,0.00000000000000000000,0.00000000000000000000,-100000000000000000000000000000000000000.00000000000000000000,0.00000000000000000000,0.00000000000000000000,0.00000000000000000000
6882,0.00000000000000000000,0.00000000000000000000,0.00000000000000000000,0.00000000000000000000,-0.03883495145631067600,0.00000000000000000000,0.00000000000000000000,0.00000000000000000000
6883,0.00000000000000000000,0.00000000000000000000,0.00000000000000000000,0.00000000000000000000,-0.03883495145631067600,0.00000000000000000000,0.00000000000000000000,0.00000000000000000000
6880,0.00000000000000000000,0.00000000000000000000,0.00000000000000000000,0.00000000000000000000,-100000000000000000000000000000000000000.00000000000000000000,0.00000000000000000000,0.00000000000000000000,0.00000000000000000000
6881,0.00000000000000000000,0.00000000000000000000,0.00000000000000000000,0.00000000000000000000,-0.03883495145631067600,0.00000000000000000000,0.00000000000000000000,0.00000000000000000000
6886,0.00000000000000000000,0.00000000000000000000,0.00000000000000000000,0.00000000000000000000,-0.03883495145631067600,0.00000000000000000000,0.00000000000000000000,0.00000000000000000000
6887,0.00000000000000000000,0.00000000000000000000,0.00000000000000000000,0.00000000000000000000,-100000000000000000000000000000000000000.00000000000000000000,0.00000000000000000000,0.00000000000000000000,0.00000000000000000000
6884,0.00000000000000000000,0.00000000000000000000,0.00000000000000000000,0.00000000000000000000,-0.03883495145631067600,0.00000000000000000000,0.00000000000000000000,0.00000000000000000000
6676,0.00000000000000000000,0.00000000000000000000,0.00000000000000000000,0.00000000000000000000,-100000000000000000000000000000000000000.00000000000000000000,0.00000000000000000000,0.00000000000000000000,0.00000000000000000000
6677,0.00000000000000000000,0.00000000000000000000,0.00000000000000000000,0.00000000000000000000,-0.04854368932038835000,0.00000000000000000000,0.00000000000000000000,0.00000000000000000000
6679,0.00000000000000000000,0.00000000000000000000,0.00000000000000000000,0.00000000000000000000,-0.04854368932038835000,0.00000000000000000000,0.00000000000000000000,0.00000000000000000000
6673,0.00000000000000000000,0.00000000000000000000,0.00000000000000000000,0.00000000000000000000,-0.04854368932038835000,0.00000000000000000000,0.00000000000000000000,0.00000000000000000000
6674,0.00000000000000000000,0.00000000000000000000,0.00000000000000000000,0.00000000000000000000,-0.04854368932038835000,0.00000000000000000000,0.00000000000000000000,0.00000000000000000000
6675,0.00000000000000000000,0.00000000000000000000,0.00000000000000000000,0.00000000000000000000,-0.04854368932038835000,0.00000000000000000000,0.00000000000000000000,0.00000000000000000000
6684,0.00000000000000000000,0.00000000000000000000,0.00000000000000000000,0.00000000000000000000,-0.04854368932038835000,0.00000000000000000000,0.00000000000000000000,0.00000000000000000000
6685,0.00000000000000000000,0.00000000000000000000,0.00000000000000000000,0.00000000000000000000,-0.04854368932038835000,0.00000000000000000000,0.00000000000000000000,0.00000000000000000000
6686,0.00000000000000000000,0.00000000000000000000,0.00000000000000000000,0.00000000000000000000,-0.02912621359223301000,0.00000000000000000000,0.00000000000000000000,0.00000000000000000000
6687,0.00000000000000000000,0.00000000000000000000,0.00000000000000000000,0.00000000000000000000,-100000000000000000000000000000000000000.00000000000000000000,0.00000000000000000000,0.00000000000000000000,0.00000000000000000000
6682,0.00000000000000000000,0.00000000000000000000,0.00000000000000000000,0.00000000000000000000,-100000000000000000000000000000000000000.00000000000000000000,0.00000000000000000000,0.00000000000000000000,0.00000000000000000000
6683,0.00000000000000000000,0.00000000000000000000,0.00000000000000000000,0.00000000000000000000,-100000000000000000000000000000000000000.00000000000000000000,0.00000000000000000000,0.00000000000000000000,0.00000000000000000000
6661,0.00980392156862745000,0.50000000000000000000,0.50000000000000000000,0.09853292781642932000,0.00970873786407766600,0.00970873786407766600,1.00487804878048780000,0.00000000000000000000
6660,0.00000000000000000000,0.00000000000000000000,0.00000000000000000000,0.00000000000000000000,-0.01941747572815533800,0.00000000000000000000,0.00000000000000000000,0.00000000000000000000
6663,0.00000000000000000000,0.00000000000000000000,0.00000000000000000000,0.00000000000000000000,-0.04854368932038835000,0.00000000000000000000,0.00000000000000000000,0.00000000000000000000
6662,0.00000000000000000000,0.00000000000000000000,0.00000000000000000000,0.00000000000000000000,-0.04854368932038835000,0.00000000000000000000,0.00000000000000000000,0.00000000000000000000
6656,0.00000000000000000000,0.00000000000000000000,0.00000000000000000000,0.00000000000000000000,-0.00970873786407766900,0.00000000000000000000,0.00000000000000000000,0.00000000000000000000
6659,0.00000000000000000000,0.00000000000000000000,0.00000000000000000000,0.00000000000000000000,-0.01941747572815533800,0.00000000000000000000,0.00000000000000000000,0.00000000000000000000
6658,0.00000000000000000000,0.00000000000000000000,0.00000000000000000000,0.00000000000000000000,-0.01941747572815533800,0.00000000000000000000,0.00000000000000000000,0.00000000000000000000
2876,0.00000000000000000000,0.00000000000000000000,0.00000000000000000000,0.00000000000000000000,-0.00970873786407766900,0.00000000000000000000,0.00000000000000000000,0.00000000000000000000
6665,0.00000000000000000000,0.00000000000000000000,0.00000000000000000000,0.00000000000000000000,-0.04854368932038835000,0.00000000000000000000,0.00000000000000000000,0.00000000000000000000
6664,0.00000000000000000000,0.00000000000000000000,0.00000000000000000000,0.00000000000000000000,-0.04854368932038835000,0.00000000000000000000,0.00000000000000000000,0.00000000000000000000
2875,0.00980392156862745000,0.50000000000000000000,0.50000000000000000000,0.09853292781642932000,0.00970873786407766600,0.00970873786407766600,1.00487804878048780000,0.00000000000000000000
2818,0.00000000000000000000,0.00000000000000000000,0.00000000000000000000,0.00000000000000000000,-100000000000000000000000000000000000000.00000000000000000000,0.00000000000000000000,0.00000000000000000000,0.00000000000000000000
2819,0.00980392156862745000,0.50000000000000000000,0.50000000000000000000,0.09853292781642932000,0.00970873786407766600,0.00970873786407766600,1.00487804878048780000,0.00000000000000000000
6719,0.00000000000000000000,0.00000000000000000000,0.00000000000000000000,0.00000000000000000000,-0.02912621359223301000,0.00000000000000000000,0.00000000000000000000,0.00000000000000000000
6695,1.00000000000000000000,0.99029126213592230000,0.99029126213592230000,0.70710678118654750000,0.99029126213592230000,0.50000000000000000000,1.33333333333333330000,10.04987562112089000000
6688,0.00000000000000000000,0.00000000000000000000,0.00000000000000000000,0.00000000000000000000,-0.01941747572815533800,0.00000000000000000000,0.00000000000000000000,0.00000000000000000000
6701,0.00000000000000000000,0.00000000000000000000,0.00000000000000000000,0.00000000000000000000,-100000000000000000000000000000000000000.00000000000000000000,0.00000000000000000000,0.00000000000000000000,0.00000000000000000000
6700,0.00000000000000000000,0.00000000000000000000,0.00000000000000000000,0.00000000000000000000,-100000000000000000000000000000000000000.00000000000000000000,0.00000000000000000000,0.00000000000000000000,0.00000000000000000000
6697,0.00000000000000000000,0.00000000000000000000,0.00000000000000000000,0.00000000000000000000,-100000000000000000000000000000000000000.00000000000000000000,0.00000000000000000000,0.00000000000000000000,0.00000000000000000000
2840,0.00980392156862745000,0.50000000000000000000,0.50000000000000000000,0.09853292781642932000,0.00970873786407766600,0.00970873786407766600,1.00487804878048780000,0.00000000000000000000
6696,0.00000000000000000000,0.00000000000000000000,0.00000000000000000000,0.00000000000000000000,-100000000000000000000000000000000000000.00000000000000000000,0.00000000000000000000,0.00000000000000000000,0.00000000000000000000
2916,0.02325581395348837200,0.70344827586206890000,0.70344827586206890000,0.15075567228888181000,0.58252427184466020000,0.02272727272727270700,1.01149425287356330000,7.68114574786860800000
2917,0.02173913043478260800,0.68918918918918930000,0.68918918918918930000,0.14586499149789456000,0.55339805825242720000,0.02127659574468088200,1.01075268817204300000,7.48331477354788300000
6745,0.00000000000000000000,0.00000000000000000000,0.00000000000000000000,0.00000000000000000000,-0.01941747572815533800,0.00000000000000000000,0.00000000000000000000,0.00000000000000000000
6746,0.00000000000000000000,0.00000000000000000000,0.00000000000000000000,0.00000000000000000000,-100000000000000000000000000000000000000.00000000000000000000,0.00000000000000000000,0.00000000000000000000,0.00000000000000000000
6747,0.00000000000000000000,0.00000000000000000000,0.00000000000000000000,0.00000000000000000000,-0.02912621359223301000,0.00000000000000000000,0.00000000000000000000,0.00000000000000000000
6748,0.00000000000000000000,0.00000000000000000000,0.00000000000000000000,0.00000000000000000000,-0.04854368932038835000,0.00000000000000000000,0.00000000000000000000,0.00000000000000000000
6749,0.00000000000000000000,0.00000000000000000000,0.00000000000000000000,0.00000000000000000000,-0.01941747572815533800,0.00000000000000000000,0.00000000000000000000,0.00000000000000000000
6750,0.00000000000000000000,0.00000000000000000000,0.00000000000000000000,0.00000000000000000000,-100000000000000000000000000000000000000.00000000000000000000,0.00000000000000000000,0.00000000000000000000,0.00000000000000000000
6751,0.00000000000000000000,0.00000000000000000000,0.00000000000000000000,0.00000000000000000000,-0.02912621359223301000,0.00000000000000000000,0.00000000000000000000,0.00000000000000000000
6729,0.00000000000000000000,0.00000000000000000000,0.00000000000000000000,0.00000000000000000000,-0.01941747572815533800,0.00000000000000000000,0.00000000000000000000,0.00000000000000000000
6730,0.00000000000000000000,0.00000000000000000000,0.00000000000000000000,0.00000000000000000000,-0.01941747572815533800,0.00000000000000000000,0.00000000000000000000,0.00000000000000000000
2886,0.00000000000000000000,0.00000000000000000000,0.00000000000000000000,0.00000000000000000000,-100000000000000000000000000000000000000.00000000000000000000,0.00000000000000000000,0.00000000000000000000,0.00000000000000000000
6780,0.00000000000000000000,0.00000000000000000000,0.00000000000000000000,0.00000000000000000000,-100000000000000000000000000000000000000.00000000000000000000,0.00000000000000000000,0.00000000000000000000,0.00000000000000000000
6755,0.00000000000000000000,0.00000000000000000000,0.00000000000000000000,0.00000000000000000000,-0.05825242718446602000,0.00000000000000000000,0.00000000000000000000,0.00000000000000000000
6756,0.00000000000000000000,0.00000000000000000000,0.00000000000000000000,0.00000000000000000000,-0.02912621359223301000,0.00000000000000000000,0.00000000000000000000,0.00000000000000000000
6763,0.00000000000000000000,0.00000000000000000000,0.00000000000000000000,0.00000000000000000000,-0.01941747572815533800,0.00000000000000000000,0.00000000000000000000,0.00000000000000000000
6762,0.00000000000000000000,0.00000000000000000000,0.00000000000000000000,0.00000000000000000000,-0.01941747572815533800,0.00000000000000000000,0.00000000000000000000,0.00000000000000000000
6761,0.00000000000000000000,0.00000000000000000000,0.00000000000000000000,0.00000000000000000000,-0.00970873786407766900,0.00000000000000000000,0.00000000000000000000,0.00000000000000000000
7648,0.00000000000000000000,0.00000000000000000000,0.00000000000000000000,0.00000000000000000000,-0.00970873786407766900,0.00000000000000000000,0.00000000000000000000,0.00000000000000000000
7649,0.00000000000000000000,0.00000000000000000000,0.00000000000000000000,0.00000000000000000000,-100000000000000000000000000000000000000.00000000000000000000,0.00000000000000000000,0.00000000000000000000,0.00000000000000000000
3279,0.00000000000000000000,0.00000000000000000000,0.00000000000000000000,0.00000000000000000000,-0.00970873786407766900,0.00000000000000000000,0.00000000000000000000,0.00000000000000000000
3318,0.00980392156862745000,0.50000000000000000000,0.50000000000000000000,0.09853292781642932000,0.00970873786407766600,0.00970873786407766600,1.00487804878048780000,0.00000000000000000000
3316,0.00000000000000000000,0.00000000000000000000,0.00000000000000000000,0.00000000000000000000,-100000000000000000000000000000000000000.00000000000000000000,0.00000000000000000000,0.00000000000000000000,0.00000000000000000000
3317,0.00000000000000000000,0.00000000000000000000,0.00000000000000000000,0.00000000000000000000,-100000000000000000000000000000000000000.00000000000000000000,0.00000000000000000000,0.00000000000000000000,0.00000000000000000000
3315,0.33333333333333330000,0.97142857142857150000,0.97142857142857150000,0.50000000000000000000,0.97087378640776700000,0.25000000000000000000,1.14285714285714280000,9.94987437106620000000
3312,0.00000000000000000000,0.00000000000000000000,0.00000000000000000000,0.00000000000000000000,-100000000000000000000000000000000000000.00000000000000000000,0.00000000000000000000,0.00000000000000000000,0.00000000000000000000
7630,0.00000000000000000000,0.00000000000000000000,0.00000000000000000000,0.00000000000000000000,-100000000000000000000000000000000000000.00000000000000000000,0.00000000000000000000,0.00000000000000000000,0.00000000000000000000
7631,0.00000000000000000000,0.00000000000000000000,0.00000000000000000000,0.00000000000000000000,-100000000000000000000000000000000000000.00000000000000000000,0.00000000000000000000,0.00000000000000000000,0.00000000000000000000
3324,0.00980392156862745000,0.50000000000000000000,0.50000000000000000000,0.09853292781642932000,0.00970873786407766600,0.00970873786407766600,1.00487804878048780000,0.00000000000000000000
3325,0.00000000000000000000,0.00000000000000000000,0.00000000000000000000,0.00000000000000000000,-100000000000000000000000000000000000000.00000000000000000000,0.00000000000000000000,0.00000000000000000000,0.00000000000000000000
3322,0.00980392156862745000,0.50000000000000000000,0.50000000000000000000,0.09853292781642932000,0.00970873786407766600,0.00970873786407766600,1.00487804878048780000,0.00000000000000000000
3323,0.00000000000000000000,0.00000000000000000000,0.00000000000000000000,0.00000000000000000000,-100000000000000000000000000000000000000.00000000000000000000,0.00000000000000000000,0.00000000000000000000,0.00000000000000000000
7639,0.00000000000000000000,0.00000000000000000000,0.00000000000000000000,0.00000000000000000000,-100000000000000000000000000000000000000.00000000000000000000,0.00000000000000000000,0.00000000000000000000,0.00000000000000000000
7638,0.00000000000000000000,0.00000000000000000000,0.00000000000000000000,0.00000000000000000000,-100000000000000000000000000000000000000.00000000000000000000,0.00000000000000000000,0.00000000000000000000,0.00000000000000000000
7637,0.00000000000000000000,0.00000000000000000000,0.00000000000000000000,0.00000000000000000000,-100000000000000000000000000000000000000.00000000000000000000,0.00000000000000000000,0.00000000000000000000,0.00000000000000000000
7636,0.00000000000000000000,0.00000000000000000000,0.00000000000000000000,0.00000000000000000000,-100000000000000000000000000000000000000.00000000000000000000,0.00000000000000000000,0.00000000000000000000,0.00000000000000000000
7635,0.00000000000000000000,0.00000000000000000000,0.00000000000000000000,0.00000000000000000000,-100000000000000000000000000000000000000.00000000000000000000,0.00000000000000000000,0.00000000000000000000,0.00000000000000000000
7634,0.00000000000000000000,0.00000000000000000000,0.00000000000000000000,0.00000000000000000000,-100000000000000000000000000000000000000.00000000000000000000,0.00000000000000000000,0.00000000000000000000,0.00000000000000000000
7633,0.00000000000000000000,0.00000000000000000000,0.00000000000000000000,0.00000000000000000000,-100000000000000000000000000000000000000.00000000000000000000,0.00000000000000000000,0.00000000000000000000,0.00000000000000000000
7632,0.00000000000000000000,0.00000000000000000000,0.00000000000000000000,0.00000000000000000000,-100000000000000000000000000000000000000.00000000000000000000,0.00000000000000000000,0.00000000000000000000,0.00000000000000000000
7647,0.00000000000000000000,0.00000000000000000000,0.00000000000000000000,0.00000000000000000000,-100000000000000000000000000000000000000.00000000000000000000,0.00000000000000000000,0.00000000000000000000,0.00000000000000000000
3311,0.00980392156862745000,0.50000000000000000000,0.50000000000000000000,0.09853292781642932000,0.00970873786407766600,0.00970873786407766600,1.00487804878048780000,0.00000000000000000000
7646,0.00000000000000000000,0.00000000000000000000,0.00000000000000000000,0.00000000000000000000,-100000000000000000000000000000000000000.00000000000000000000,0.00000000000000000000,0.00000000000000000000,0.00000000000000000000
3310,0.00980392156862745000,0.50000000000000000000,0.50000000000000000000,0.09853292781642932000,0.00970873786407766600,0.00970873786407766600,1.00487804878048780000,0.00000000000000000000
3309,0.00980392156862745000,0.50000000000000000000,0.50000000000000000000,0.09853292781642932000,0.00970873786407766600,0.00970873786407766600,1.00487804878048780000,0.00000000000000000000
7645,0.00000000000000000000,0.00000000000000000000,0.00000000000000000000,0.00000000000000000000,-0.00970873786407766900,0.00000000000000000000,0.00000000000000000000,0.00000000000000000000
7644,0.00000000000000000000,0.00000000000000000000,0.00000000000000000000,0.00000000000000000000,-100000000000000000000000000000000000000.00000000000000000000,0.00000000000000000000,0.00000000000000000000,0.00000000000000000000
3307,0.00980392156862745000,0.50000000000000000000,0.50000000000000000000,0.09853292781642932000,0.00970873786407766600,0.00970873786407766600,1.00487804878048780000,0.00000000000000000000
7643,0.00000000000000000000,0.00000000000000000000,0.00000000000000000000,0.00000000000000000000,-100000000000000000000000000000000000000.00000000000000000000,0.00000000000000000000,0.00000000000000000000,0.00000000000000000000
3306,0.00000000000000000000,0.00000000000000000000,0.00000000000000000000,0.00000000000000000000,-100000000000000000000000000000000000000.00000000000000000000,0.00000000000000000000,0.00000000000000000000,0.00000000000000000000
7642,0.00000000000000000000,0.00000000000000000000,0.00000000000000000000,0.00000000000000000000,-100000000000000000000000000000000000000.00000000000000000000,0.00000000000000000000,0.00000000000000000000,0.00000000000000000000
7641,0.00000000000000000000,0.00000000000000000000,0.00000000000000000000,0.00000000000000000000,-100000000000000000000000000000000000000.00000000000000000000,0.00000000000000000000,0.00000000000000000000,0.00000000000000000000
7640,0.00000000000000000000,0.00000000000000000000,0.00000000000000000000,0.00000000000000000000,-100000000000000000000000000000000000000.00000000000000000000,0.00000000000000000000,0.00000000000000000000,0.00000000000000000000
3216,0.00000000000000000000,0.00000000000000000000,0.00000000000000000000,0.00000000000000000000,-0.01941747572815533800,0.00000000000000000000,0.00000000000000000000,0.00000000000000000000
3217,0.00000000000000000000,0.00000000000000000000,0.00000000000000000000,0.00000000000000000000,-0.01941747572815533800,0.00000000000000000000,0.00000000000000000000,0.00000000000000000000
7587,0.00000000000000000000,0.00000000000000000000,0.00000000000000000000,0.00000000000000000000,-100000000000000000000000000000000000000.00000000000000000000,0.00000000000000000000,0.00000000000000000000,0.00000000000000000000
3219,0.00000000000000000000,0.00000000000000000000,0.00000000000000000000,0.00000000000000000000,-0.02912621359223301000,0.00000000000000000000,0.00000000000000000000,0.00000000000000000000
7588,0.00000000000000000000,0.00000000000000000000,0.00000000000000000000,0.00000000000000000000,-0.00970873786407766900,0.00000000000000000000,0.00000000000000000000,0.00000000000000000000
3220,0.00000000000000000000,0.00000000000000000000,0.00000000000000000000,0.00000000000000000000,-100000000000000000000000000000000000000.00000000000000000000,0.00000000000000000000,0.00000000000000000000,0.00000000000000000000
3213,0.00000000000000000000,0.00000000000000000000,0.00000000000000000000,0.00000000000000000000,-0.06796116504854369000,0.00000000000000000000,0.00000000000000000000,0.00000000000000000000
3212,0.00000000000000000000,0.00000000000000000000,0.00000000000000000000,0.00000000000000000000,-0.02912621359223301000,0.00000000000000000000,0.00000000000000000000,0.00000000000000000000
3215,0.00000000000000000000,0.00000000000000000000,0.00000000000000000000,0.00000000000000000000,-100000000000000000000000000000000000000.00000000000000000000,0.00000000000000000000,0.00000000000000000000,0.00000000000000000000
3214,0.00000000000000000000,0.00000000000000000000,0.00000000000000000000,0.00000000000000000000,-0.03883495145631067600,0.00000000000000000000,0.00000000000000000000,0.00000000000000000000
3243,0.00000000000000000000,0.00000000000000000000,0.00000000000000000000,0.00000000000000000000,-0.04854368932038835000,0.00000000000000000000,0.00000000000000000000,0.00000000000000000000
7533,0.00000000000000000000,0.00000000000000000000,0.00000000000000000000,0.00000000000000000000,-0.03883495145631067600,0.00000000000000000000,0.00000000000000000000,0.00000000000000000000
7531,0.00000000000000000000,0.00000000000000000000,0.00000000000000000000,0.00000000000000000000,-100000000000000000000000000000000000000.00000000000000000000,0.00000000000000000000,0.00000000000000000000,0.00000000000000000000
7530,0.00000000000000000000,0.00000000000000000000,0.00000000000000000000,0.00000000000000000000,-0.00970873786407766900,0.00000000000000000000,0.00000000000000000000,0.00000000000000000000
7524,0.00000000000000000000,0.00000000000000000000,0.00000000000000000000,0.00000000000000000000,-100000000000000000000000000000000000000.00000000000000000000,0.00000000000000000000,0.00000000000000000000,0.00000000000000000000
7503,0.00000000000000000000,0.00000000000000000000,0.00000000000000000000,0.00000000000000000000,-0.04854368932038835000,0.00000000000000000000,0.00000000000000000000,0.00000000000000000000
3521,0.00000000000000000000,0.00000000000000000000,0.00000000000000000000,0.00000000000000000000,-100000000000000000000000000000000000000.00000000000000000000,0.00000000000000000000,0.00000000000000000000,0.00000000000000000000
3520,0.00980392156862745000,0.50000000000000000000,0.50000000000000000000,0.09853292781642932000,0.00970873786407766600,0.00970873786407766600,1.00487804878048780000,0.00000000000000000000
3535,0.00000000000000000000,0.00000000000000000000,0.00000000000000000000,0.00000000000000000000,-100000000000000000000000000000000000000.00000000000000000000,0.00000000000000000000,0.00000000000000000000,0.00000000000000000000
3534,0.00980392156862745000,0.50000000000000000000,0.50000000000000000000,0.09853292781642932000,0.00970873786407766600,0.00970873786407766600,1.00487804878048780000,0.00000000000000000000
3533,0.00000000000000000000,0.00000000000000000000,0.00000000000000000000,0.00000000000000000000,-100000000000000000000000000000000000000.00000000000000000000,0.00000000000000000000,0.00000000000000000000,0.00000000000000000000
3532,0.00000000000000000000,0.00000000000000000000,0.00000000000000000000,0.00000000000000000000,-100000000000000000000000000000000000000.00000000000000000000,0.00000000000000000000,0.00000000000000000000,0.00000000000000000000
3531,0.00000000000000000000,0.00000000000000000000,0.00000000000000000000,0.00000000000000000000,-100000000000000000000000000000000000000.00000000000000000000,0.00000000000000000000,0.00000000000000000000,0.00000000000000000000
3530,0.00000000000000000000,0.00000000000000000000,0.00000000000000000000,0.00000000000000000000,-100000000000000000000000000000000000000.00000000000000000000,0.00000000000000000000,0.00000000000000000000,0.00000000000000000000
3529,0.00980392156862745000,0.50000000000000000000,0.50000000000000000000,0.09853292781642932000,0.00970873786407766600,0.00970873786407766600,1.00487804878048780000,0.00000000000000000000
3528,0.00980392156862745000,0.50000000000000000000,0.50000000000000000000,0.09853292781642932000,0.00970873786407766600,0.00970873786407766600,1.00487804878048780000,0.00000000000000000000
3542,0.00000000000000000000,0.00000000000000000000,0.00000000000000000000,0.00000000000000000000,-100000000000000000000000000000000000000.00000000000000000000,0.00000000000000000000,0.00000000000000000000,0.00000000000000000000
3543,0.00000000000000000000,0.00000000000000000000,0.00000000000000000000,0.00000000000000000000,-100000000000000000000000000000000000000.00000000000000000000,0.00000000000000000000,0.00000000000000000000,0.00000000000000000000
3540,0.00000000000000000000,0.00000000000000000000,0.00000000000000000000,0.00000000000000000000,-100000000000000000000000000000000000000.00000000000000000000,0.00000000000000000000,0.00000000000000000000,0.00000000000000000000
3541,0.00000000000000000000,0.00000000000000000000,0.00000000000000000000,0.00000000000000000000,-100000000000000000000000000000000000000.00000000000000000000,0.00000000000000000000,0.00000000000000000000,0.00000000000000000000
3538,0.00980392156862745000,0.50000000000000000000,0.50000000000000000000,0.09853292781642932000,0.00970873786407766600,0.00970873786407766600,1.00487804878048780000,0.00000000000000000000
3539,0.00000000000000000000,0.00000000000000000000,0.00000000000000000000,0.00000000000000000000,-100000000000000000000000000000000000000.00000000000000000000,0.00000000000000000000,0.00000000000000000000,0.00000000000000000000
3536,0.00000000000000000000,0.00000000000000000000,0.00000000000000000000,0.00000000000000000000,-100000000000000000000000000000000000000.00000000000000000000,0.00000000000000000000,0.00000000000000000000,0.00000000000000000000
3537,0.00000000000000000000,0.00000000000000000000,0.00000000000000000000,0.00000000000000000000,-100000000000000000000000000000000000000.00000000000000000000,0.00000000000000000000,0.00000000000000000000,0.00000000000000000000
3550,0.00000000000000000000,0.00000000000000000000,0.00000000000000000000,0.00000000000000000000,-100000000000000000000000000000000000000.00000000000000000000,0.00000000000000000000,0.00000000000000000000,0.00000000000000000000
3551,0.00000000000000000000,0.00000000000000000000,0.00000000000000000000,0.00000000000000000000,-100000000000000000000000000000000000000.00000000000000000000,0.00000000000000000000,0.00000000000000000000,0.00000000000000000000
3548,0.00000000000000000000,0.00000000000000000000,0.00000000000000000000,0.00000000000000000000,-100000000000000000000000000000000000000.00000000000000000000,0.00000000000000000000,0.00000000000000000000,0.00000000000000000000
3549,0.00000000000000000000,0.00000000000000000000,0.00000000000000000000,0.00000000000000000000,-100000000000000000000000000000000000000.00000000000000000000,0.00000000000000000000,0.00000000000000000000,0.00000000000000000000
3547,0.00000000000000000000,0.00000000000000000000,0.00000000000000000000,0.00000000000000000000,-100000000000000000000000000000000000000.00000000000000000000,0.00000000000000000000,0.00000000000000000000,0.00000000000000000000
3544,0.00000000000000000000,0.00000000000000000000,0.00000000000000000000,0.00000000000000000000,-100000000000000000000000000000000000000.00000000000000000000,0.00000000000000000000,0.00000000000000000000,0.00000000000000000000
3545,0.00000000000000000000,0.00000000000000000000,0.00000000000000000000,0.00000000000000000000,-100000000000000000000000000000000000000.00000000000000000000,0.00000000000000000000,0.00000000000000000000,0.00000000000000000000
3557,0.00000000000000000000,0.00000000000000000000,0.00000000000000000000,0.00000000000000000000,-100000000000000000000000000000000000000.00000000000000000000,0.00000000000000000000,0.00000000000000000000,0.00000000000000000000
3556,0.00980392156862745000,0.50000000000000000000,0.50000000000000000000,0.09853292781642932000,0.00970873786407766600,0.00970873786407766600,1.00487804878048780000,0.00000000000000000000
3553,0.00000000000000000000,0.00000000000000000000,0.00000000000000000000,0.00000000000000000000,-100000000000000000000000000000000000000.00000000000000000000,0.00000000000000000000,0.00000000000000000000,0.00000000000000000000
3552,0.00000000000000000000,0.00000000000000000000,0.00000000000000000000,0.00000000000000000000,-100000000000000000000000000000000000000.00000000000000000000,0.00000000000000000000,0.00000000000000000000,0.00000000000000000000
3555,0.00000000000000000000,0.00000000000000000000,0.00000000000000000000,0.00000000000000000000,-100000000000000000000000000000000000000.00000000000000000000,0.00000000000000000000,0.00000000000000000000,0.00000000000000000000
3554,0.00000000000000000000,0.00000000000000000000,0.00000000000000000000,0.00000000000000000000,-100000000000000000000000000000000000000.00000000000000000000,0.00000000000000000000,0.00000000000000000000,0.00000000000000000000
3567,0.00000000000000000000,0.00000000000000000000,0.00000000000000000000,0.00000000000000000000,-100000000000000000000000000000000000000.00000000000000000000,0.00000000000000000000,0.00000000000000000000,0.00000000000000000000
7390,0.01000000000000000000,0.50495049504950500000,0.50495049504950500000,0.09950371902099892000,0.02912621359223299700,0.00990099009900991000,1.00497512437810950000,1.41421356237309510000
3573,0.00980392156862745000,0.50000000000000000000,0.50000000000000000000,0.09853292781642932000,0.00970873786407766600,0.00970873786407766600,1.00487804878048780000,0.00000000000000000000
3568,0.00000000000000000000,0.00000000000000000000,0.00000000000000000000,0.00000000000000000000,-100000000000000000000000000000000000000.00000000000000000000,0.00000000000000000000,0.00000000000000000000,0.00000000000000000000
3569,0.01000000000000000000,0.50495049504950500000,0.50495049504950500000,0.09950371902099892000,0.02912621359223299700,0.00990099009900991000,1.00497512437810950000,1.41421356237309510000
3570,0.00980392156862745000,0.50000000000000000000,0.50000000000000000000,0.09853292781642932000,0.00970873786407766600,0.00970873786407766600,1.00487804878048780000,0.00000000000000000000
3571,0.00980392156862745000,0.50000000000000000000,0.50000000000000000000,0.09853292781642932000,0.00970873786407766600,0.00970873786407766600,1.00487804878048780000,0.00000000000000000000
3576,0.00000000000000000000,0.00000000000000000000,0.00000000000000000000,0.00000000000000000000,-100000000000000000000000000000000000000.00000000000000000000,0.00000000000000000000,0.00000000000000000000,0.00000000000000000000
3577,0.01000000000000000000,0.50495049504950500000,0.50495049504950500000,0.09950371902099892000,0.02912621359223299700,0.00990099009900991000,1.00497512437810950000,1.41421356237309510000
3459,0.01666666666666666600,0.62962962962962950000,0.62962962962962950000,0.12803687993289598000,0.41747572815533984000,0.01639344262295083800,1.00826446280991730000,6.48074069840786000000
3458,0.01818181818181818000,0.64968152866242050000,0.64968152866242050000,0.13363062095621220000,0.46601941747572817000,0.01785714285714290500,1.00900900900900900000,6.85565460040104400000
3463,0.00000000000000000000,0.00000000000000000000,0.00000000000000000000,0.00000000000000000000,-0.00970873786407766900,0.00000000000000000000,0.00000000000000000000,0.00000000000000000000
3462,0.00980392156862745000,0.50000000000000000000,0.50000000000000000000,0.09853292781642932000,0.00970873786407766600,0.00970873786407766600,1.00487804878048780000,0.00000000000000000000
3474,0.00000000000000000000,0.00000000000000000000,0.00000000000000000000,0.00000000000000000000,-0.00970873786407766900,0.00000000000000000000,0.00000000000000000000,0.00000000000000000000
3473,0.00000000000000000000,0.00000000000000000000,0.00000000000000000000,0.00000000000000000000,-0.00970873786407766900,0.00000000000000000000,0.00000000000000000000,0.00000000000000000000
3478,0.00000000000000000000,0.00000000000000000000,0.00000000000000000000,0.00000000000000000000,-0.00970873786407766900,0.00000000000000000000,0.00000000000000000000,0.00000000000000000000
3479,0.00000000000000000000,0.00000000000000000000,0.00000000000000000000,0.00000000000000000000,-0.00970873786407766900,0.00000000000000000000,0.00000000000000000000,0.00000000000000000000
3482,0.00000000000000000000,0.00000000000000000000,0.00000000000000000000,0.00000000000000000000,-0.00970873786407766900,0.00000000000000000000,0.00000000000000000000,0.00000000000000000000
3483,0.00000000000000000000,0.00000000000000000000,0.00000000000000000000,0.00000000000000000000,-0.00970873786407766900,0.00000000000000000000,0.00000000000000000000,0.00000000000000000000
3481,0.00000000000000000000,0.00000000000000000000,0.00000000000000000000,0.00000000000000000000,-0.00970873786407766900,0.00000000000000000000,0.00000000000000000000,0.00000000000000000000
3486,0.00000000000000000000,0.00000000000000000000,0.00000000000000000000,0.00000000000000000000,-0.02912621359223301000,0.00000000000000000000,0.00000000000000000000,0.00000000000000000000
3484,0.00000000000000000000,0.00000000000000000000,0.00000000000000000000,0.00000000000000000000,-0.00970873786407766900,0.00000000000000000000,0.00000000000000000000,0.00000000000000000000
3485,0.00000000000000000000,0.00000000000000000000,0.00000000000000000000,0.00000000000000000000,-100000000000000000000000000000000000000.00000000000000000000,0.00000000000000000000,0.00000000000000000000,0.00000000000000000000
3489,0.00980392156862745000,0.50000000000000000000,0.50000000000000000000,0.09853292781642932000,0.00970873786407766600,0.00970873786407766600,1.00487804878048780000,0.00000000000000000000
3493,0.00000000000000000000,0.00000000000000000000,0.00000000000000000000,0.00000000000000000000,-0.00970873786407766900,0.00000000000000000000,0.00000000000000000000,0.00000000000000000000
3495,0.02083333333333333200,0.67999999999999990000,0.67999999999999990000,0.14285714285714285000,0.53398058252427180000,0.02040816326530614500,1.01030927835051540000,7.34846922834953450000
3497,0.00000000000000000000,0.00000000000000000000,0.00000000000000000000,0.00000000000000000000,-100000000000000000000000000000000000000.00000000000000000000,0.00000000000000000000,0.00000000000000000000,0.00000000000000000000
3496,0.00980392156862745000,0.50000000000000000000,0.50000000000000000000,0.09853292781642932000,0.00970873786407766600,0.00970873786407766600,1.00487804878048780000,0.00000000000000000000
3498,0.00980392156862745000,0.50000000000000000000,0.50000000000000000000,0.09853292781642932000,0.00970873786407766600,0.00970873786407766600,1.00487804878048780000,0.00000000000000000000
3501,0.00000000000000000000,0.00000000000000000000,0.00000000000000000000,0.00000000000000000000,-100000000000000000000000000000000000000.00000000000000000000,0.00000000000000000000,0.00000000000000000000,0.00000000000000000000
3500,0.00980392156862745000,0.50000000000000000000,0.50000000000000000000,0.09853292781642932000,0.00970873786407766600,0.00970873786407766600,1.00487804878048780000,0.00000000000000000000
3503,0.00980392156862745000,0.50000000000000000000,0.50000000000000000000,0.09853292781642932000,0.00970873786407766600,0.00970873786407766600,1.00487804878048780000,0.00000000000000000000
3502,0.00980392156862745000,0.50000000000000000000,0.50000000000000000000,0.09853292781642932000,0.00970873786407766600,0.00970873786407766600,1.00487804878048780000,0.00000000000000000000
3504,0.00000000000000000000,0.00000000000000000000,0.00000000000000000000,0.00000000000000000000,-100000000000000000000000000000000000000.00000000000000000000,0.00000000000000000000,0.00000000000000000000,0.00000000000000000000
3505,0.00000000000000000000,0.00000000000000000000,0.00000000000000000000,0.00000000000000000000,-100000000000000000000000000000000000000.00000000000000000000,0.00000000000000000000,0.00000000000000000000,0.00000000000000000000
3506,0.00980392156862745000,0.50000000000000000000,0.50000000000000000000,0.09853292781642932000,0.00970873786407766600,0.00970873786407766600,1.00487804878048780000,0.00000000000000000000
3509,0.00000000000000000000,0.00000000000000000000,0.00000000000000000000,0.00000000000000000000,-100000000000000000000000000000000000000.00000000000000000000,0.00000000000000000000,0.00000000000000000000,0.00000000000000000000
7301,0.00000000000000000000,0.00000000000000000000,0.00000000000000000000,0.00000000000000000000,-100000000000000000000000000000000000000.00000000000000000000,0.00000000000000000000,0.00000000000000000000,0.00000000000000000000
7302,0.00000000000000000000,0.00000000000000000000,0.00000000000000000000,0.00000000000000000000,-100000000000000000000000000000000000000.00000000000000000000,0.00000000000000000000,0.00000000000000000000,0.00000000000000000000
3510,0.00000000000000000000,0.00000000000000000000,0.00000000000000000000,0.00000000000000000000,-0.04854368932038835000,0.00000000000000000000,0.00000000000000000000,0.00000000000000000000
3512,0.00980392156862745000,0.50000000000000000000,0.50000000000000000000,0.09853292781642932000,0.00970873786407766600,0.00970873786407766600,1.00487804878048780000,0.00000000000000000000
3513,0.00980392156862745000,0.50000000000000000000,0.50000000000000000000,0.09853292781642932000,0.00970873786407766600,0.00970873786407766600,1.00487804878048780000,0.00000000000000000000
3516,0.00000000000000000000,0.00000000000000000000,0.00000000000000000000,0.00000000000000000000,-100000000000000000000000000000000000000.00000000000000000000,0.00000000000000000000,0.00000000000000000000,0.00000000000000000000
3517,0.00000000000000000000,0.00000000000000000000,0.00000000000000000000,0.00000000000000000000,-100000000000000000000000000000000000000.00000000000000000000,0.00000000000000000000,0.00000000000000000000,0.00000000000000000000
3519,0.00000000000000000000,0.00000000000000000000,0.00000000000000000000,0.00000000000000000000,-100000000000000000000000000000000000000.00000000000000000000,0.00000000000000000000,0.00000000000000000000,0.00000000000000000000
3406,0.00980392156862745000,0.50000000000000000000,0.50000000000000000000,0.09853292781642932000,0.00970873786407766600,0.00970873786407766600,1.00487804878048780000,0.00000000000000000000
3407,0.00980392156862745000,0.50000000000000000000,0.50000000000000000000,0.09853292781642932000,0.00970873786407766600,0.00970873786407766600,1.00487804878048780000,0.00000000000000000000
3405,0.00980392156862745000,0.50000000000000000000,0.50000000000000000000,0.09853292781642932000,0.00970873786407766600,0.00970873786407766600,1.00487804878048780000,0.00000000000000000000
7288,0.00000000000000000000,0.00000000000000000000,0.00000000000000000000,0.00000000000000000000,-0.20388349514563106000,0.00000000000000000000,0.00000000000000000000,0.00000000000000000000
7286,0.33333333333333330000,0.97142857142857150000,0.97142857142857150000,0.50000000000000000000,0.97087378640776700000,0.25000000000000000000,1.14285714285714280000,9.94987437106620000000
7287,0.00000000000000000000,0.00000000000000000000,0.00000000000000000000,0.00000000000000000000,-100000000000000000000000000000000000000.00000000000000000000,0.00000000000000000000,0.00000000000000000000,0.00000000000000000000
7284,0.00000000000000000000,0.00000000000000000000,0.00000000000000000000,0.00000000000000000000,-100000000000000000000000000000000000000.00000000000000000000,0.00000000000000000000,0.00000000000000000000,0.00000000000000000000
7283,0.00000000000000000000,0.00000000000000000000,0.00000000000000000000,0.00000000000000000000,-100000000000000000000000000000000000000.00000000000000000000,0.00000000000000000000,0.00000000000000000000,0.00000000000000000000
3392,0.00000000000000000000,0.00000000000000000000,0.00000000000000000000,0.00000000000000000000,-100000000000000000000000000000000000000.00000000000000000000,0.00000000000000000000,0.00000000000000000000,0.00000000000000000000
7278,0.00000000000000000000,0.00000000000000000000,0.00000000000000000000,0.00000000000000000000,-0.02912621359223301000,0.00000000000000000000,0.00000000000000000000,0.00000000000000000000
7277,0.00000000000000000000,0.00000000000000000000,0.00000000000000000000,0.00000000000000000000,-100000000000000000000000000000000000000.00000000000000000000,0.00000000000000000000,0.00000000000000000000,0.00000000000000000000
3421,0.00000000000000000000,0.00000000000000000000,0.00000000000000000000,0.00000000000000000000,-0.06796116504854369000,0.00000000000000000000,0.00000000000000000000,0.00000000000000000000
3420,0.00000000000000000000,0.00000000000000000000,0.00000000000000000000,0.00000000000000000000,-100000000000000000000000000000000000000.00000000000000000000,0.00000000000000000000,0.00000000000000000000,0.00000000000000000000
7276,0.00000000000000000000,0.00000000000000000000,0.00000000000000000000,0.00000000000000000000,-0.15533980582524270000,0.00000000000000000000,0.00000000000000000000,0.00000000000000000000
3419,0.01123595505617977500,0.53403141361256550000,0.53403141361256550000,0.10540925533894598000,0.13592233009708743000,0.01111111111111107200,1.00558659217877100000,3.60555127546398900000
3418,0.01123595505617977500,0.53403141361256550000,0.53403141361256550000,0.10540925533894598000,0.13592233009708743000,0.01111111111111107200,1.00558659217877100000,3.60555127546398900000
7274,0.00000000000000000000,0.00000000000000000000,0.00000000000000000000,0.00000000000000000000,-0.40776699029126210000,0.00000000000000000000,0.00000000000000000000,0.00000000000000000000
7273,0.00000000000000000000,0.00000000000000000000,0.00000000000000000000,0.00000000000000000000,-0.17475728155339806000,0.00000000000000000000,0.00000000000000000000,0.00000000000000000000
7272,0.00000000000000000000,0.00000000000000000000,0.00000000000000000000,0.00000000000000000000,-0.00970873786407766900,0.00000000000000000000,0.00000000000000000000,0.00000000000000000000
3413,0.00000000000000000000,0.00000000000000000000,0.00000000000000000000,0.00000000000000000000,-100000000000000000000000000000000000000.00000000000000000000,0.00000000000000000000,0.00000000000000000000,0.00000000000000000000
3412,0.00000000000000000000,0.00000000000000000000,0.00000000000000000000,0.00000000000000000000,-0.01941747572815533800,0.00000000000000000000,0.00000000000000000000,0.00000000000000000000
3410,0.01666666666666666600,0.62962962962962950000,0.62962962962962950000,0.12803687993289598000,0.41747572815533984000,0.01639344262295083800,1.00826446280991730000,6.48074069840786000000
3409,0.01666666666666666600,0.62962962962962950000,0.62962962962962950000,0.12803687993289598000,0.41747572815533984000,0.01639344262295083800,1.00826446280991730000,6.48074069840786000000
7265,0.00000000000000000000,0.00000000000000000000,0.00000000000000000000,0.00000000000000000000,-100000000000000000000000000000000000000.00000000000000000000,0.00000000000000000000,0.00000000000000000000,0.00000000000000000000
3408,0.01666666666666666600,0.62962962962962950000,0.62962962962962950000,0.12803687993289598000,0.41747572815533984000,0.01639344262295083800,1.00826446280991730000,6.48074069840786000000
3436,0.00000000000000000000,0.00000000000000000000,0.00000000000000000000,0.00000000000000000000,-100000000000000000000000000000000000000.00000000000000000000,0.00000000000000000000,0.00000000000000000000,0.00000000000000000000
3437,0.01562500000000000000,0.61445783132530120000,0.61445783132530120000,0.12403473458920847000,0.37864077669902920000,0.01538461538461533000,1.00775193798449610000,6.16441400296897600000
3438,0.00000000000000000000,0.00000000000000000000,0.00000000000000000000,0.00000000000000000000,-100000000000000000000000000000000000000.00000000000000000000,0.00000000000000000000,0.00000000000000000000,0.00000000000000000000
7262,0.00000000000000000000,0.00000000000000000000,0.00000000000000000000,0.00000000000000000000,-100000000000000000000000000000000000000.00000000000000000000,0.00000000000000000000,0.00000000000000000000,0.00000000000000000000
3439,0.07142857142857142000,0.87931034482758620000,0.87931034482758620000,0.25819888974716110000,0.86407766990291270000,0.06666666666666665000,1.03448275862068970000,9.38083151964686000000
7263,0.00000000000000000000,0.00000000000000000000,0.00000000000000000000,0.00000000000000000000,-0.00970873786407766900,0.00000000000000000000,0.00000000000000000000,0.00000000000000000000
3432,0.11111111111111110000,0.91891891891891900000,0.91891891891891900000,0.31622776601683794000,0.91262135922330100000,0.09999999999999998000,1.05263157894736840000,9.64365076099295500000
3433,0.33333333333333330000,0.97142857142857150000,0.97142857142857150000,0.50000000000000000000,0.97087378640776700000,0.25000000000000000000,1.14285714285714280000,9.94987437106620000000
7258,0.00000000000000000000,0.00000000000000000000,0.00000000000000000000,0.00000000000000000000,-100000000000000000000000000000000000000.00000000000000000000,0.00000000000000000000,0.00000000000000000000,0.00000000000000000000
3434,0.33333333333333330000,0.97142857142857150000,0.97142857142857150000,0.50000000000000000000,0.97087378640776700000,0.25000000000000000000,1.14285714285714280000,9.94987437106620000000
7259,0.00980392156862745000,0.50000000000000000000,0.50000000000000000000,0.09853292781642932000,0.00970873786407766600,0.00970873786407766600,1.00487804878048780000,0.00000000000000000000
3435,0.00000000000000000000,0.00000000000000000000,0.00000000000000000000,0.00000000000000000000,-100000000000000000000000000000000000000.00000000000000000000,0.00000000000000000000,0.00000000000000000000,0.00000000000000000000
3430,0.00000000000000000000,0.00000000000000000000,0.00000000000000000000,0.00000000000000000000,-0.00970873786407766900,0.00000000000000000000,0.00000000000000000000,0.00000000000000000000
7248,0.00000000000000000000,0.00000000000000000000,0.00000000000000000000,0.00000000000000000000,-100000000000000000000000000000000000000.00000000000000000000,0.00000000000000000000,0.00000000000000000000,0.00000000000000000000
7249,0.00000000000000000000,0.00000000000000000000,0.00000000000000000000,0.00000000000000000000,-100000000000000000000000000000000000000.00000000000000000000,0.00000000000000000000,0.00000000000000000000,0.00000000000000000000
7250,0.00000000000000000000,0.00000000000000000000,0.00000000000000000000,0.00000000000000000000,-100000000000000000000000000000000000000.00000000000000000000,0.00000000000000000000,0.00000000000000000000,0.00000000000000000000
7251,0.00980392156862745000,0.50000000000000000000,0.50000000000000000000,0.09853292781642932000,0.00970873786407766600,0.00970873786407766600,1.00487804878048780000,0.00000000000000000000
3453,0.00980392156862745000,0.50000000000000000000,0.50000000000000000000,0.09853292781642932000,0.00970873786407766600,0.00970873786407766600,1.00487804878048780000,0.00000000000000000000
7245,0.00000000000000000000,0.00000000000000000000,0.00000000000000000000,0.00000000000000000000,-0.00970873786407766900,0.00000000000000000000,0.00000000000000000000,0.00000000000000000000
7244,0.00980392156862745000,0.50000000000000000000,0.50000000000000000000,0.09853292781642932000,0.00970873786407766600,0.00970873786407766600,1.00487804878048780000,0.00000000000000000000
3455,0.02631578947368421000,0.72857142857142850000,0.72857142857142850000,0.16012815380508713000,0.63106796116504850000,0.02564102564102566000,1.01298701298701290000,8.00000000000000000000
7247,0.00000000000000000000,0.00000000000000000000,0.00000000000000000000,0.00000000000000000000,-0.00970873786407766900,0.00000000000000000000,0.00000000000000000000,0.00000000000000000000
3454,0.00980392156862745000,0.50000000000000000000,0.50000000000000000000,0.09853292781642932000,0.00970873786407766600,0.00970873786407766600,1.00487804878048780000,0.00000000000000000000
7246,0.00000000000000000000,0.00000000000000000000,0.00000000000000000000,0.00000000000000000000,-0.00970873786407766900,0.00000000000000000000,0.00000000000000000000,0.00000000000000000000
3449,0.00000000000000000000,0.00000000000000000000,0.00000000000000000000,0.00000000000000000000,-100000000000000000000000000000000000000.00000000000000000000,0.00000000000000000000,0.00000000000000000000,0.00000000000000000000
7241,0.00000000000000000000,0.00000000000000000000,0.00000000000000000000,0.00000000000000000000,-0.00970873786407766900,0.00000000000000000000,0.00000000000000000000,0.00000000000000000000
3448,0.00000000000000000000,0.00000000000000000000,0.00000000000000000000,0.00000000000000000000,-100000000000000000000000000000000000000.00000000000000000000,0.00000000000000000000,0.00000000000000000000,0.00000000000000000000
7243,0.00000000000000000000,0.00000000000000000000,0.00000000000000000000,0.00000000000000000000,-0.00970873786407766900,0.00000000000000000000,0.00000000000000000000,0.00000000000000000000
3450,0.00000000000000000000,0.00000000000000000000,0.00000000000000000000,0.00000000000000000000,-100000000000000000000000000000000000000.00000000000000000000,0.00000000000000000000,0.00000000000000000000,0.00000000000000000000
3440,0.07692307692307693000,0.88695652173913040000,0.88695652173913040000,0.26726124191242440000,0.87378640776699030000,0.07142857142857140000,1.03703703703703700000,9.43398113205660300000
3443,0.00000000000000000000,0.00000000000000000000,0.00000000000000000000,0.00000000000000000000,-0.00970873786407766900,0.00000000000000000000,0.00000000000000000000,0.00000000000000000000
3442,0.00980392156862745000,0.50000000000000000000,0.50000000000000000000,0.09853292781642932000,0.00970873786407766600,0.00970873786407766600,1.00487804878048780000,0.00000000000000000000
3338,0.00980392156862745000,0.50000000000000000000,0.50000000000000000000,0.09853292781642932000,0.00970873786407766600,0.00970873786407766600,1.00487804878048780000,0.00000000000000000000
3339,0.00980392156862745000,0.50000000000000000000,0.50000000000000000000,0.09853292781642932000,0.00970873786407766600,0.00970873786407766600,1.00487804878048780000,0.00000000000000000000
3336,0.00980392156862745000,0.50000000000000000000,0.50000000000000000000,0.09853292781642932000,0.00970873786407766600,0.00970873786407766600,1.00487804878048780000,0.00000000000000000000
3337,0.00980392156862745000,0.50000000000000000000,0.50000000000000000000,0.09853292781642932000,0.00970873786407766600,0.00970873786407766600,1.00487804878048780000,0.00000000000000000000
3342,0.00980392156862745000,0.50000000000000000000,0.50000000000000000000,0.09853292781642932000,0.00970873786407766600,0.00970873786407766600,1.00487804878048780000,0.00000000000000000000
3343,0.00000000000000000000,0.00000000000000000000,0.00000000000000000000,0.00000000000000000000,-100000000000000000000000000000000000000.00000000000000000000,0.00000000000000000000,0.00000000000000000000,0.00000000000000000000
3340,0.00980392156862745000,0.50000000000000000000,0.50000000000000000000,0.09853292781642932000,0.00970873786407766600,0.00970873786407766600,1.00487804878048780000,0.00000000000000000000
3341,0.00000000000000000000,0.00000000000000000000,0.00000000000000000000,0.00000000000000000000,-100000000000000000000000000000000000000.00000000000000000000,0.00000000000000000000,0.00000000000000000000,0.00000000000000000000
3330,0.00000000000000000000,0.00000000000000000000,0.00000000000000000000,0.00000000000000000000,-100000000000000000000000000000000000000.00000000000000000000,0.00000000000000000000,0.00000000000000000000,0.00000000000000000000
3334,0.00000000000000000000,0.00000000000000000000,0.00000000000000000000,0.00000000000000000000,-100000000000000000000000000000000000000.00000000000000000000,0.00000000000000000000,0.00000000000000000000,0.00000000000000000000
3335,1.00000000000000000000,0.99029126213592230000,0.99029126213592230000,0.70710678118654750000,0.99029126213592230000,0.50000000000000000000,1.33333333333333330000,10.04987562112089000000
3332,0.00980392156862745000,0.50000000000000000000,0.50000000000000000000,0.09853292781642932000,0.00970873786407766600,0.00970873786407766600,1.00487804878048780000,0.00000000000000000000
3333,0.00000000000000000000,0.00000000000000000000,0.00000000000000000000,0.00000000000000000000,-100000000000000000000000000000000000000.00000000000000000000,0.00000000000000000000,0.00000000000000000000,0.00000000000000000000
3355,0.00000000000000000000,0.00000000000000000000,0.00000000000000000000,0.00000000000000000000,-100000000000000000000000000000000000000.00000000000000000000,0.00000000000000000000,0.00000000000000000000,0.00000000000000000000
3354,0.00000000000000000000,0.00000000000000000000,0.00000000000000000000,0.00000000000000000000,-100000000000000000000000000000000000000.00000000000000000000,0.00000000000000000000,0.00000000000000000000,0.00000000000000000000
3353,0.00980392156862745000,0.50000000000000000000,0.50000000000000000000,0.09853292781642932000,0.00970873786407766600,0.00970873786407766600,1.00487804878048780000,0.00000000000000000000
3352,0.00000000000000000000,0.00000000000000000000,0.00000000000000000000,0.00000000000000000000,-100000000000000000000000000000000000000.00000000000000000000,0.00000000000000000000,0.00000000000000000000,0.00000000000000000000
3359,0.00000000000000000000,0.00000000000000000000,0.00000000000000000000,0.00000000000000000000,-100000000000000000000000000000000000000.00000000000000000000,0.00000000000000000000,0.00000000000000000000,0.00000000000000000000
3358,0.00000000000000000000,0.00000000000000000000,0.00000000000000000000,0.00000000000000000000,-100000000000000000000000000000000000000.00000000000000000000,0.00000000000000000000,0.00000000000000000000,0.00000000000000000000
3357,0.00980392156862745000,0.50000000000000000000,0.50000000000000000000,0.09853292781642932000,0.00970873786407766600,0.00970873786407766600,1.00487804878048780000,0.00000000000000000000
3347,0.00980392156862745000,0.50000000000000000000,0.50000000000000000000,0.09853292781642932000,0.00970873786407766600,0.00970873786407766600,1.00487804878048780000,0.00000000000000000000
3346,0.00000000000000000000,0.00000000000000000000,0.00000000000000000000,0.00000000000000000000,-100000000000000000000000000000000000000.00000000000000000000,0.00000000000000000000,0.00000000000000000000,0.00000000000000000000
7202,0.00980392156862745000,0.50000000000000000000,0.50000000000000000000,0.09853292781642932000,0.00970873786407766600,0.00970873786407766600,1.00487804878048780000,0.00000000000000000000
3345,0.01562500000000000000,0.61445783132530120000,0.61445783132530120000,0.12403473458920847000,0.37864077669902920000,0.01538461538461533000,1.00775193798449610000,6.16441400296897600000
3344,0.00000000000000000000,0.00000000000000000000,0.00000000000000000000,0.00000000000000000000,-100000000000000000000000000000000000000.00000000000000000000,0.00000000000000000000,0.00000000000000000000,0.00000000000000000000
3351,0.00000000000000000000,0.00000000000000000000,0.00000000000000000000,0.00000000000000000000,-0.00970873786407766900,0.00000000000000000000,0.00000000000000000000,0.00000000000000000000
3350,0.20000000000000000000,0.95327102803738320000,0.95327102803738320000,0.40824829046386310000,0.95145631067961170000,0.16666666666666663000,1.09090909090909080000,9.84885780179610400000
3349,0.00980392156862745000,0.50000000000000000000,0.50000000000000000000,0.09853292781642932000,0.00970873786407766600,0.00970873786407766600,1.00487804878048780000,0.00000000000000000000
3368,0.33333333333333330000,0.97142857142857150000,0.97142857142857150000,0.50000000000000000000,0.97087378640776700000,0.25000000000000000000,1.14285714285714280000,9.94987437106620000000
3369,0.25000000000000000000,0.96226415094339610000,0.96226415094339610000,0.44721359549995790000,0.96116504854368930000,0.19999999999999996000,1.11111111111111120000,9.89949493661166500000
7193,0.00980392156862745000,0.50000000000000000000,0.50000000000000000000,0.09853292781642932000,0.00970873786407766600,0.00970873786407766600,1.00487804878048780000,0.00000000000000000000
3370,0.20000000000000000000,0.95327102803738320000,0.95327102803738320000,0.40824829046386310000,0.95145631067961170000,0.16666666666666663000,1.09090909090909080000,9.84885780179610400000
3371,0.00000000000000000000,0.00000000000000000000,0.00000000000000000000,0.00000000000000000000,-0.00970873786407766900,0.00000000000000000000,0.00000000000000000000,0.00000000000000000000
3372,0.00000000000000000000,0.00000000000000000000,0.00000000000000000000,0.00000000000000000000,-100000000000000000000000000000000000000.00000000000000000000,0.00000000000000000000,0.00000000000000000000,0.00000000000000000000
3373,0.00000000000000000000,0.00000000000000000000,0.00000000000000000000,0.00000000000000000000,-0.02912621359223301000,0.00000000000000000000,0.00000000000000000000,0.00000000000000000000
3374,0.00000000000000000000,0.00000000000000000000,0.00000000000000000000,0.00000000000000000000,-0.02912621359223301000,0.00000000000000000000,0.00000000000000000000,0.00000000000000000000
3375,0.00000000000000000000,0.00000000000000000000,0.00000000000000000000,0.00000000000000000000,-0.02912621359223301000,0.00000000000000000000,0.00000000000000000000,0.00000000000000000000
3360,0.14285714285714285000,0.93577981651376150000,0.93577981651376150000,0.35355339059327373000,0.93203883495145630000,0.12500000000000000000,1.06666666666666670000,9.74679434480896300000
3361,0.14285714285714285000,0.93577981651376150000,0.93577981651376150000,0.35355339059327373000,0.93203883495145630000,0.12500000000000000000,1.06666666666666670000,9.74679434480896300000
3362,0.14285714285714285000,0.93577981651376150000,0.93577981651376150000,0.35355339059327373000,0.93203883495145630000,0.12500000000000000000,1.06666666666666670000,9.74679434480896300000
3363,0.16666666666666666000,0.94444444444444440000,0.94444444444444440000,0.37796447300922720000,0.94174757281553400000,0.14285714285714290000,1.07692307692307690000,9.79795897113271200000
3364,0.16666666666666666000,0.94444444444444440000,0.94444444444444440000,0.37796447300922720000,0.94174757281553400000,0.14285714285714290000,1.07692307692307690000,9.79795897113271200000
3367,0.00000000000000000000,0.00000000000000000000,0.00000000000000000000,0.00000000000000000000,-100000000000000000000000000000000000000.00000000000000000000,0.00000000000000000000,0.00000000000000000000,0.00000000000000000000
3385,0.01219512195121951300,0.55434782608695650000,0.55434782608695650000,0.10976425998969035000,0.20388349514563110000,0.01204819277108437600,1.00606060606060600000,4.47213595499958000000
3384,0.00000000000000000000,0.00000000000000000000,0.00000000000000000000,0.00000000000000000000,-100000000000000000000000000000000000000.00000000000000000000,0.00000000000000000000,0.00000000000000000000,0.00000000000000000000
3387,0.01000000000000000000,0.50495049504950500000,0.50495049504950500000,0.09950371902099892000,0.02912621359223299700,0.00990099009900991000,1.00497512437810950000,1.41421356237309510000
7179,0.11111111111111110000,0.91891891891891900000,0.91891891891891900000,0.31622776601683794000,0.91262135922330100000,0.09999999999999998000,1.05263157894736840000,9.64365076099295500000
3386,0.01000000000000000000,0.50495049504950500000,0.50495049504950500000,0.09950371902099892000,0.02912621359223299700,0.00990099009900991000,1.00497512437810950000,1.41421356237309510000
3389,0.00000000000000000000,0.00000000000000000000,0.00000000000000000000,0.00000000000000000000,-100000000000000000000000000000000000000.00000000000000000000,0.00000000000000000000,0.00000000000000000000,0.00000000000000000000
3388,0.00000000000000000000,0.00000000000000000000,0.00000000000000000000,0.00000000000000000000,-0.00970873786407766900,0.00000000000000000000,0.00000000000000000000,0.00000000000000000000
3391,0.00980392156862745000,0.50000000000000000000,0.50000000000000000000,0.09853292781642932000,0.00970873786407766600,0.00970873786407766600,1.00487804878048780000,0.00000000000000000000
7169,0.00980392156862745000,0.50000000000000000000,0.50000000000000000000,0.09853292781642932000,0.00970873786407766600,0.00970873786407766600,1.00487804878048780000,0.00000000000000000000
3377,0.00000000000000000000,0.00000000000000000000,0.00000000000000000000,0.00000000000000000000,-100000000000000000000000000000000000000.00000000000000000000,0.00000000000000000000,0.00000000000000000000,0.00000000000000000000
3376,0.00000000000000000000,0.00000000000000000000,0.00000000000000000000,0.00000000000000000000,-0.00970873786407766900,0.00000000000000000000,0.00000000000000000000,0.00000000000000000000
3379,0.11111111111111110000,0.91891891891891900000,0.91891891891891900000,0.31622776601683794000,0.91262135922330100000,0.09999999999999998000,1.05263157894736840000,9.64365076099295500000
3378,0.00000000000000000000,0.00000000000000000000,0.00000000000000000000,0.00000000000000000000,-0.02912621359223301000,0.00000000000000000000,0.00000000000000000000,0.00000000000000000000
3381,2.00000000000000000000,1.00000000000000000000,1.00000000000000000000,1.00000000000000000000,1.00000000000000000000,1.00000000000000000000,2.00000000000000000000,10.09950493836207700000
3380,0.11111111111111110000,0.91891891891891900000,0.91891891891891900000,0.31622776601683794000,0.91262135922330100000,0.09999999999999998000,1.05263157894736840000,9.64365076099295500000
3383,0.01000000000000000000,0.50495049504950500000,0.50495049504950500000,0.09950371902099892000,0.02912621359223299700,0.00990099009900991000,1.00497512437810950000,1.41421356237309510000
3382,0.00000000000000000000,0.00000000000000000000,0.00000000000000000000,0.00000000000000000000,-0.02912621359223301000,0.00000000000000000000,0.00000000000000000000,0.00000000000000000000
3826,0.00000000000000000000,0.00000000000000000000,0.00000000000000000000,0.00000000000000000000,-100000000000000000000000000000000000000.00000000000000000000,0.00000000000000000000,0.00000000000000000000,0.00000000000000000000
3824,0.03030303030303030400,0.75555555555555550000,0.75555555555555550000,0.17149858514250882000,0.67961165048543680000,0.02941176470588236000,1.01492537313432840000,8.30662386291807500000
3825,0.03030303030303030400,0.75555555555555550000,0.75555555555555550000,0.17149858514250882000,0.67961165048543680000,0.02941176470588236000,1.01492537313432840000,8.30662386291807500000
3830,0.01785714285714285600,0.64556962025316460000,0.64556962025316460000,0.13245323570650439000,0.45631067961165050000,0.01754385964912286000,1.00884955752212400000,6.78232998312526800000
3831,0.01538461538461538500,0.61077844311377250000,0.61077844311377250000,0.12309149097933272000,0.36893203883495140000,0.01515151515151513800,1.00763358778625940000,6.08276253029821900000
3828,0.03030303030303030400,0.75555555555555550000,0.75555555555555550000,0.17149858514250882000,0.67961165048543680000,0.02941176470588236000,1.01492537313432840000,8.30662386291807500000
3829,0.00000000000000000000,0.00000000000000000000,0.00000000000000000000,0.00000000000000000000,-100000000000000000000000000000000000000.00000000000000000000,0.00000000000000000000,0.00000000000000000000,0.00000000000000000000
3832,0.00000000000000000000,0.00000000000000000000,0.00000000000000000000,0.00000000000000000000,-100000000000000000000000000000000000000.00000000000000000000,0.00000000000000000000,0.00000000000000000000,0.00000000000000000000
3833,0.03333333333333333000,0.77272727272727270000,0.77272727272727270000,0.17960530202677490000,0.70873786407766990000,0.03225806451612900400,1.01639344262295080000,8.48528137423857000000
3838,0.00000000000000000000,0.00000000000000000000,0.00000000000000000000,0.00000000000000000000,-0.01941747572815533800,0.00000000000000000000,0.00000000000000000000,0.00000000000000000000
3823,0.00000000000000000000,0.00000000000000000000,0.00000000000000000000,0.00000000000000000000,-100000000000000000000000000000000000000.00000000000000000000,0.00000000000000000000,0.00000000000000000000,0.00000000000000000000
3822,0.02631578947368421000,0.72857142857142850000,0.72857142857142850000,0.16012815380508713000,0.63106796116504850000,0.02564102564102566000,1.01298701298701290000,8.00000000000000000000
3821,0.00000000000000000000,0.00000000000000000000,0.00000000000000000000,0.00000000000000000000,-100000000000000000000000000000000000000.00000000000000000000,0.00000000000000000000,0.00000000000000000000,0.00000000000000000000
3820,0.03333333333333333000,0.77272727272727270000,0.77272727272727270000,0.17960530202677490000,0.70873786407766990000,0.03225806451612900400,1.01639344262295080000,8.48528137423857000000
3761,0.00000000000000000000,0.00000000000000000000,0.00000000000000000000,0.00000000000000000000,-100000000000000000000000000000000000000.00000000000000000000,0.00000000000000000000,0.00000000000000000000,0.00000000000000000000
3735,0.00000000000000000000,0.00000000000000000000,0.00000000000000000000,0.00000000000000000000,-0.01941747572815533800,0.00000000000000000000,0.00000000000000000000,0.00000000000000000000
3730,0.00000000000000000000,0.00000000000000000000,0.00000000000000000000,0.00000000000000000000,-0.01941747572815533800,0.00000000000000000000,0.00000000000000000000,0.00000000000000000000
3731,0.00000000000000000000,0.00000000000000000000,0.00000000000000000000,0.00000000000000000000,-100000000000000000000000000000000000000.00000000000000000000,0.00000000000000000000,0.00000000000000000000,0.00000000000000000000
3741,0.00000000000000000000,0.00000000000000000000,0.00000000000000000000,0.00000000000000000000,-0.00970873786407766900,0.00000000000000000000,0.00000000000000000000,0.00000000000000000000
3742,0.00000000000000000000,0.00000000000000000000,0.00000000000000000000,0.00000000000000000000,-100000000000000000000000000000000000000.00000000000000000000,0.00000000000000000000,0.00000000000000000000,0.00000000000000000000
3706,0.00000000000000000000,0.00000000000000000000,0.00000000000000000000,0.00000000000000000000,-100000000000000000000000000000000000000.00000000000000000000,0.00000000000000000000,0.00000000000000000000,0.00000000000000000000
3705,0.00000000000000000000,0.00000000000000000000,0.00000000000000000000,0.00000000000000000000,-0.31067961165048540000,0.00000000000000000000,0.00000000000000000000,0.00000000000000000000
3704,0.00000000000000000000,0.00000000000000000000,0.00000000000000000000,0.00000000000000000000,-0.00970873786407766900,0.00000000000000000000,0.00000000000000000000,0.00000000000000000000
3675,0.00000000000000000000,0.00000000000000000000,0.00000000000000000000,0.00000000000000000000,-0.23300970873786409000,0.00000000000000000000,0.00000000000000000000,0.00000000000000000000
3674,0.00000000000000000000,0.00000000000000000000,0.00000000000000000000,0.00000000000000000000,-0.07766990291262135000,0.00000000000000000000,0.00000000000000000000,0.00000000000000000000
3676,0.00000000000000000000,0.00000000000000000000,0.00000000000000000000,0.00000000000000000000,-0.35922330097087380000,0.00000000000000000000,0.00000000000000000000,0.00000000000000000000
3664,0.20000000000000000000,0.95327102803738320000,0.95327102803738320000,0.40824829046386310000,0.95145631067961170000,0.16666666666666663000,1.09090909090909080000,9.84885780179610400000
3667,0.00000000000000000000,0.00000000000000000000,0.00000000000000000000,0.00000000000000000000,-100000000000000000000000000000000000000.00000000000000000000,0.00000000000000000000,0.00000000000000000000,0.00000000000000000000
3669,0.01000000000000000000,0.50495049504950500000,0.50495049504950500000,0.09950371902099892000,0.02912621359223299700,0.00990099009900991000,1.00497512437810950000,1.41421356237309510000
3668,0.00000000000000000000,0.00000000000000000000,0.00000000000000000000,0.00000000000000000000,-100000000000000000000000000000000000000.00000000000000000000,0.00000000000000000000,0.00000000000000000000,0.00000000000000000000
3671,0.00000000000000000000,0.00000000000000000000,0.00000000000000000000,0.00000000000000000000,-100000000000000000000000000000000000000.00000000000000000000,0.00000000000000000000,0.00000000000000000000,0.00000000000000000000
3670,0.00000000000000000000,0.00000000000000000000,0.00000000000000000000,0.00000000000000000000,-100000000000000000000000000000000000000.00000000000000000000,0.00000000000000000000,0.00000000000000000000,0.00000000000000000000
3657,0.00000000000000000000,0.00000000000000000000,0.00000000000000000000,0.00000000000000000000,-0.00970873786407766900,0.00000000000000000000,0.00000000000000000000,0.00000000000000000000
3661,0.00000000000000000000,0.00000000000000000000,0.00000000000000000000,0.00000000000000000000,-0.00970873786407766900,0.00000000000000000000,0.00000000000000000000,0.00000000000000000000
3662,0.00000000000000000000,0.00000000000000000000,0.00000000000000000000,0.00000000000000000000,-100000000000000000000000000000000000000.00000000000000000000,0.00000000000000000000,0.00000000000000000000,0.00000000000000000000
3648,0.02857142857142857000,0.74452554744525550000,0.74452554744525550000,0.16666666666666666000,0.66019417475728150000,0.02777777777777779000,1.01408450704225350000,8.18535277187245000000
3649,0.01694915254237288000,0.63354037267080740000,0.63354037267080740000,0.12909944487358055000,0.42718446601941750000,0.01666666666666672000,1.00840336134453780000,6.55743852430200000000
3650,0.00000000000000000000,0.00000000000000000000,0.00000000000000000000,0.00000000000000000000,-0.02912621359223301000,0.00000000000000000000,0.00000000000000000000,0.00000000000000000000
3651,0.00000000000000000000,0.00000000000000000000,0.00000000000000000000,0.00000000000000000000,-0.00970873786407766900,0.00000000000000000000,0.00000000000000000000,0.00000000000000000000
3647,0.02777777777777777600,0.73913043478260860000,0.73913043478260860000,0.16439898730535730000,0.65048543689320380000,0.02702702702702697300,1.01369863013698640000,8.12403840463596000000
3645,0.00000000000000000000,0.00000000000000000000,0.00000000000000000000,0.00000000000000000000,-0.01941747572815533800,0.00000000000000000000,0.00000000000000000000,0.00000000000000000000
3643,0.03448275862068965500,0.77862595419847340000,0.77862595419847340000,0.18257418583505536000,0.71844660194174760000,0.03333333333333332600,1.01694915254237280000,8.54400374531753000000
3642,0.02857142857142857000,0.74452554744525550000,0.74452554744525550000,0.16666666666666666000,0.66019417475728150000,0.02777777777777779000,1.01408450704225350000,8.18535277187245000000
3641,0.00000000000000000000,0.00000000000000000000,0.00000000000000000000,0.00000000000000000000,-0.02912621359223301000,0.00000000000000000000,0.00000000000000000000,0.00000000000000000000
3640,0.00000000000000000000,0.00000000000000000000,0.00000000000000000000,0.00000000000000000000,-100000000000000000000000000000000000000.00000000000000000000,0.00000000000000000000,0.00000000000000000000,0.00000000000000000000
3637,0.01063829787234042500,0.52040816326530610000,0.52040816326530610000,0.10259783520851541000,0.08737864077669899000,0.01052631578947371700,1.00529100529100530000,2.82842712474619030000
3636,0.01020408163265306000,0.51000000000000000000,0.51000000000000000000,0.10050378152592121000,0.04854368932038833000,0.01010101010101005500,1.00507614213197960000,2.00000000000000000000
3635,0.02439024390243902500,0.71328671328671330000,0.71328671328671330000,0.15430334996209190000,0.60194174757281550000,0.02380952380952383600,1.01204819277108430000,7.81024967590665400000
3634,0.02631578947368421000,0.72857142857142850000,0.72857142857142850000,0.16012815380508713000,0.63106796116504850000,0.02564102564102566000,1.01298701298701290000,8.00000000000000000000
3633,0.00980392156862745000,0.50000000000000000000,0.50000000000000000000,0.09853292781642932000,0.00970873786407766600,0.00970873786407766600,1.00487804878048780000,0.00000000000000000000
3630,0.00000000000000000000,0.00000000000000000000,0.00000000000000000000,0.00000000000000000000,-100000000000000000000000000000000000000.00000000000000000000,0.00000000000000000000,0.00000000000000000000,0.00000000000000000000
3628,0.00980392156862745000,0.50000000000000000000,0.50000000000000000000,0.09853292781642932000,0.00970873786407766600,0.00970873786407766600,1.00487804878048780000,0.00000000000000000000
3629,0.00980392156862745000,0.50000000000000000000,0.50000000000000000000,0.09853292781642932000,0.00970873786407766600,0.00970873786407766600,1.00487804878048780000,0.00000000000000000000
3626,0.00000000000000000000,0.00000000000000000000,0.00000000000000000000,0.00000000000000000000,-100000000000000000000000000000000000000.00000000000000000000,0.00000000000000000000,0.00000000000000000000,0.00000000000000000000
3627,0.00000000000000000000,0.00000000000000000000,0.00000000000000000000,0.00000000000000000000,-100000000000000000000000000000000000000.00000000000000000000,0.00000000000000000000,0.00000000000000000000,0.00000000000000000000
3624,0.01298701298701298800,0.56983240223463680000,0.56983240223463680000,0.11322770341445956000,0.25242718446601940000,0.01282051282051277500,1.00645161290322570000,5.00000000000000000000
3625,0.00000000000000000000,0.00000000000000000000,0.00000000000000000000,0.00000000000000000000,-0.00970873786407766900,0.00000000000000000000,0.00000000000000000000,0.00000000000000000000
3622,0.00980392156862745000,0.50000000000000000000,0.50000000000000000000,0.09853292781642932000,0.00970873786407766600,0.00970873786407766600,1.00487804878048780000,0.00000000000000000000
3623,0.00000000000000000000,0.00000000000000000000,0.00000000000000000000,0.00000000000000000000,-100000000000000000000000000000000000000.00000000000000000000,0.00000000000000000000,0.00000000000000000000,0.00000000000000000000
3620,2.00000000000000000000,1.00000000000000000000,1.00000000000000000000,1.00000000000000000000,1.00000000000000000000,1.00000000000000000000,2.00000000000000000000,10.09950493836207700000
3621,0.00980392156862745000,0.50000000000000000000,0.50000000000000000000,0.09853292781642932000,0.00970873786407766600,0.00970873786407766600,1.00487804878048780000,0.00000000000000000000
3618,0.00000000000000000000,0.00000000000000000000,0.00000000000000000000,0.00000000000000000000,-100000000000000000000000000000000000000.00000000000000000000,0.00000000000000000000,0.00000000000000000000,0.00000000000000000000
3616,2.00000000000000000000,1.00000000000000000000,1.00000000000000000000,1.00000000000000000000,1.00000000000000000000,1.00000000000000000000,2.00000000000000000000,10.09950493836207700000
3617,0.00000000000000000000,0.00000000000000000000,0.00000000000000000000,0.00000000000000000000,-100000000000000000000000000000000000000.00000000000000000000,0.00000000000000000000,0.00000000000000000000,0.00000000000000000000
3613,0.01123595505617977500,0.53403141361256550000,0.53403141361256550000,0.10540925533894598000,0.13592233009708743000,0.01111111111111107200,1.00558659217877100000,3.60555127546398900000
3612,0.00980392156862745000,0.50000000000000000000,0.50000000000000000000,0.09853292781642932000,0.00970873786407766600,0.00970873786407766600,1.00487804878048780000,0.00000000000000000000
3615,0.00980392156862745000,0.50000000000000000000,0.50000000000000000000,0.09853292781642932000,0.00970873786407766600,0.00970873786407766600,1.00487804878048780000,0.00000000000000000000
3614,0.00000000000000000000,0.00000000000000000000,0.00000000000000000000,0.00000000000000000000,-100000000000000000000000000000000000000.00000000000000000000,0.00000000000000000000,0.00000000000000000000,0.00000000000000000000
3609,0.00980392156862745000,0.50000000000000000000,0.50000000000000000000,0.09853292781642932000,0.00970873786407766600,0.00970873786407766600,1.00487804878048780000,0.00000000000000000000
3611,0.00000000000000000000,0.00000000000000000000,0.00000000000000000000,0.00000000000000000000,-100000000000000000000000000000000000000.00000000000000000000,0.00000000000000000000,0.00000000000000000000,0.00000000000000000000
3610,0.00000000000000000000,0.00000000000000000000,0.00000000000000000000,0.00000000000000000000,-100000000000000000000000000000000000000.00000000000000000000,0.00000000000000000000,0.00000000000000000000,0.00000000000000000000
3604,0.00980392156862745000,0.50000000000000000000,0.50000000000000000000,0.09853292781642932000,0.00970873786407766600,0.00970873786407766600,1.00487804878048780000,0.00000000000000000000
3607,0.01666666666666666600,0.62962962962962950000,0.62962962962962950000,0.12803687993289598000,0.41747572815533984000,0.01639344262295083800,1.00826446280991730000,6.48074069840786000000
3601,0.00000000000000000000,0.00000000000000000000,0.00000000000000000000,0.00000000000000000000,-100000000000000000000000000000000000000.00000000000000000000,0.00000000000000000000,0.00000000000000000000,0.00000000000000000000
3603,0.00000000000000000000,0.00000000000000000000,0.00000000000000000000,0.00000000000000000000,-100000000000000000000000000000000000000.00000000000000000000,0.00000000000000000000,0.00000000000000000000,0.00000000000000000000
3602,0.00980392156862745000,0.50000000000000000000,0.50000000000000000000,0.09853292781642932000,0.00970873786407766600,0.00970873786407766600,1.00487804878048780000,0.00000000000000000000
3596,0.00000000000000000000,0.00000000000000000000,0.00000000000000000000,0.00000000000000000000,-100000000000000000000000000000000000000.00000000000000000000,0.00000000000000000000,0.00000000000000000000,0.00000000000000000000
3598,0.00980392156862745000,0.50000000000000000000,0.50000000000000000000,0.09853292781642932000,0.00970873786407766600,0.00970873786407766600,1.00487804878048780000,0.00000000000000000000
3599,0.00980392156862745000,0.50000000000000000000,0.50000000000000000000,0.09853292781642932000,0.00970873786407766600,0.00970873786407766600,1.00487804878048780000,0.00000000000000000000
3592,0.01666666666666666600,0.62962962962962950000,0.62962962962962950000,0.12803687993289598000,0.41747572815533984000,0.01639344262295083800,1.00826446280991730000,6.48074069840786000000
3593,0.01694915254237288000,0.63354037267080740000,0.63354037267080740000,0.12909944487358055000,0.42718446601941750000,0.01666666666666672000,1.00840336134453780000,6.55743852430200000000
3594,0.00980392156862745000,0.50000000000000000000,0.50000000000000000000,0.09853292781642932000,0.00970873786407766600,0.00970873786407766600,1.00487804878048780000,0.00000000000000000000
3595,0.00000000000000000000,0.00000000000000000000,0.00000000000000000000,0.00000000000000000000,-100000000000000000000000000000000000000.00000000000000000000,0.00000000000000000000,0.00000000000000000000,0.00000000000000000000
3586,0.00000000000000000000,0.00000000000000000000,0.00000000000000000000,0.00000000000000000000,-0.01941747572815533800,0.00000000000000000000,0.00000000000000000000,0.00000000000000000000
4000,0.00000000000000000000,0.00000000000000000000,0.00000000000000000000,0.00000000000000000000,-0.00970873786407766900,0.00000000000000000000,0.00000000000000000000,0.00000000000000000000
4020,0.00000000000000000000,0.00000000000000000000,0.00000000000000000000,0.00000000000000000000,-0.00970873786407766900,0.00000000000000000000,0.00000000000000000000,0.00000000000000000000
4021,0.00000000000000000000,0.00000000000000000000,0.00000000000000000000,0.00000000000000000000,-0.03883495145631067600,0.00000000000000000000,0.00000000000000000000,0.00000000000000000000
4022,0.03125000000000000000,0.76119402985074620000,0.76119402985074620000,0.17407765595569785000,0.68932038834951460000,0.03030303030303027600,1.01538461538461530000,8.36660026534075600000
3975,0.00000000000000000000,0.00000000000000000000,0.00000000000000000000,0.00000000000000000000,-0.00970873786407766900,0.00000000000000000000,0.00000000000000000000,0.00000000000000000000
3974,0.00000000000000000000,0.00000000000000000000,0.00000000000000000000,0.00000000000000000000,-100000000000000000000000000000000000000.00000000000000000000,0.00000000000000000000,0.00000000000000000000,0.00000000000000000000
3973,0.00000000000000000000,0.00000000000000000000,0.00000000000000000000,0.00000000000000000000,-100000000000000000000000000000000000000.00000000000000000000,0.00000000000000000000,0.00000000000000000000,0.00000000000000000000
3972,0.00000000000000000000,0.00000000000000000000,0.00000000000000000000,0.00000000000000000000,-100000000000000000000000000000000000000.00000000000000000000,0.00000000000000000000,0.00000000000000000000,0.00000000000000000000
3971,0.00000000000000000000,0.00000000000000000000,0.00000000000000000000,0.00000000000000000000,-100000000000000000000000000000000000000.00000000000000000000,0.00000000000000000000,0.00000000000000000000,0.00000000000000000000
3970,0.00000000000000000000,0.00000000000000000000,0.00000000000000000000,0.00000000000000000000,-100000000000000000000000000000000000000.00000000000000000000,0.00000000000000000000,0.00000000000000000000,0.00000000000000000000
3969,0.00000000000000000000,0.00000000000000000000,0.00000000000000000000,0.00000000000000000000,-0.00970873786407766900,0.00000000000000000000,0.00000000000000000000,0.00000000000000000000
3983,0.08333333333333333000,0.89473684210526320000,0.89473684210526320000,0.27735009811261460000,0.88349514563106800000,0.07692307692307687000,1.04000000000000000000,9.48683298050513800000
3982,0.02325581395348837200,0.70344827586206890000,0.70344827586206890000,0.15075567228888181000,0.58252427184466020000,0.02272727272727270700,1.01149425287356330000,7.68114574786860800000
3981,0.00000000000000000000,0.00000000000000000000,0.00000000000000000000,0.00000000000000000000,-100000000000000000000000000000000000000.00000000000000000000,0.00000000000000000000,0.00000000000000000000,0.00000000000000000000
3980,0.00000000000000000000,0.00000000000000000000,0.00000000000000000000,0.00000000000000000000,-100000000000000000000000000000000000000.00000000000000000000,0.00000000000000000000,0.00000000000000000000,0.00000000000000000000
3979,0.00000000000000000000,0.00000000000000000000,0.00000000000000000000,0.00000000000000000000,-100000000000000000000000000000000000000.00000000000000000000,0.00000000000000000000,0.00000000000000000000,0.00000000000000000000
3978,0.00000000000000000000,0.00000000000000000000,0.00000000000000000000,0.00000000000000000000,-100000000000000000000000000000000000000.00000000000000000000,0.00000000000000000000,0.00000000000000000000,0.00000000000000000000
3977,0.00000000000000000000,0.00000000000000000000,0.00000000000000000000,0.00000000000000000000,-0.01941747572815533800,0.00000000000000000000,0.00000000000000000000,0.00000000000000000000
3990,0.00000000000000000000,0.00000000000000000000,0.00000000000000000000,0.00000000000000000000,-0.04854368932038835000,0.00000000000000000000,0.00000000000000000000,0.00000000000000000000
3991,0.00000000000000000000,0.00000000000000000000,0.00000000000000000000,0.00000000000000000000,-0.04854368932038835000,0.00000000000000000000,0.00000000000000000000,0.00000000000000000000
3988,0.00000000000000000000,0.00000000000000000000,0.00000000000000000000,0.00000000000000000000,-100000000000000000000000000000000000000.00000000000000000000,0.00000000000000000000,0.00000000000000000000,0.00000000000000000000
3989,0.00000000000000000000,0.00000000000000000000,0.00000000000000000000,0.00000000000000000000,-100000000000000000000000000000000000000.00000000000000000000,0.00000000000000000000,0.00000000000000000000,0.00000000000000000000
3987,0.00000000000000000000,0.00000000000000000000,0.00000000000000000000,0.00000000000000000000,-0.02912621359223301000,0.00000000000000000000,0.00000000000000000000,0.00000000000000000000
3985,0.00000000000000000000,0.00000000000000000000,0.00000000000000000000,0.00000000000000000000,-0.30097087378640774000,0.00000000000000000000,0.00000000000000000000,0.00000000000000000000
3998,0.00000000000000000000,0.00000000000000000000,0.00000000000000000000,0.00000000000000000000,-0.15533980582524270000,0.00000000000000000000,0.00000000000000000000,0.00000000000000000000
3999,0.00000000000000000000,0.00000000000000000000,0.00000000000000000000,0.00000000000000000000,-0.00970873786407766900,0.00000000000000000000,0.00000000000000000000,0.00000000000000000000
3996,0.00000000000000000000,0.00000000000000000000,0.00000000000000000000,0.00000000000000000000,-0.15533980582524270000,0.00000000000000000000,0.00000000000000000000,0.00000000000000000000
3997,0.00000000000000000000,0.00000000000000000000,0.00000000000000000000,0.00000000000000000000,-0.15533980582524270000,0.00000000000000000000,0.00000000000000000000,0.00000000000000000000
3994,0.00000000000000000000,0.00000000000000000000,0.00000000000000000000,0.00000000000000000000,-100000000000000000000000000000000000000.00000000000000000000,0.00000000000000000000,0.00000000000000000000,0.00000000000000000000
3995,0.00000000000000000000,0.00000000000000000000,0.00000000000000000000,0.00000000000000000000,-0.15533980582524270000,0.00000000000000000000,0.00000000000000000000,0.00000000000000000000
3993,0.00000000000000000000,0.00000000000000000000,0.00000000000000000000,0.00000000000000000000,-0.15533980582524270000,0.00000000000000000000,0.00000000000000000000,0.00000000000000000000
3944,0.00000000000000000000,0.00000000000000000000,0.00000000000000000000,0.00000000000000000000,-0.01941747572815533800,0.00000000000000000000,0.00000000000000000000,0.00000000000000000000
3945,0.00000000000000000000,0.00000000000000000000,0.00000000000000000000,0.00000000000000000000,-0.01941747572815533800,0.00000000000000000000,0.00000000000000000000,0.00000000000000000000
3946,0.00000000000000000000,0.00000000000000000000,0.00000000000000000000,0.00000000000000000000,-100000000000000000000000000000000000000.00000000000000000000,0.00000000000000000000,0.00000000000000000000,0.00000000000000000000
3947,0.00000000000000000000,0.00000000000000000000,0.00000000000000000000,0.00000000000000000000,-100000000000000000000000000000000000000.00000000000000000000,0.00000000000000000000,0.00000000000000000000,0.00000000000000000000
3948,0.00000000000000000000,0.00000000000000000000,0.00000000000000000000,0.00000000000000000000,-100000000000000000000000000000000000000.00000000000000000000,0.00000000000000000000,0.00000000000000000000,0.00000000000000000000
3949,0.00000000000000000000,0.00000000000000000000,0.00000000000000000000,0.00000000000000000000,-100000000000000000000000000000000000000.00000000000000000000,0.00000000000000000000,0.00000000000000000000,0.00000000000000000000
3950,0.00000000000000000000,0.00000000000000000000,0.00000000000000000000,0.00000000000000000000,-0.30097087378640774000,0.00000000000000000000,0.00000000000000000000,0.00000000000000000000
3951,0.00000000000000000000,0.00000000000000000000,0.00000000000000000000,0.00000000000000000000,-0.08737864077669903000,0.00000000000000000000,0.00000000000000000000,0.00000000000000000000
3936,0.00000000000000000000,0.00000000000000000000,0.00000000000000000000,0.00000000000000000000,-100000000000000000000000000000000000000.00000000000000000000,0.00000000000000000000,0.00000000000000000000,0.00000000000000000000
3937,0.00000000000000000000,0.00000000000000000000,0.00000000000000000000,0.00000000000000000000,-0.30097087378640774000,0.00000000000000000000,0.00000000000000000000,0.00000000000000000000
3938,0.00000000000000000000,0.00000000000000000000,0.00000000000000000000,0.00000000000000000000,-100000000000000000000000000000000000000.00000000000000000000,0.00000000000000000000,0.00000000000000000000,0.00000000000000000000
3939,0.00000000000000000000,0.00000000000000000000,0.00000000000000000000,0.00000000000000000000,-0.08737864077669903000,0.00000000000000000000,0.00000000000000000000,0.00000000000000000000
3940,0.00000000000000000000,0.00000000000000000000,0.00000000000000000000,0.00000000000000000000,-100000000000000000000000000000000000000.00000000000000000000,0.00000000000000000000,0.00000000000000000000,0.00000000000000000000
3941,0.00000000000000000000,0.00000000000000000000,0.00000000000000000000,0.00000000000000000000,-0.01941747572815533800,0.00000000000000000000,0.00000000000000000000,0.00000000000000000000
3942,0.00000000000000000000,0.00000000000000000000,0.00000000000000000000,0.00000000000000000000,-100000000000000000000000000000000000000.00000000000000000000,0.00000000000000000000,0.00000000000000000000,0.00000000000000000000
3943,0.00000000000000000000,0.00000000000000000000,0.00000000000000000000,0.00000000000000000000,-100000000000000000000000000000000000000.00000000000000000000,0.00000000000000000000,0.00000000000000000000,0.00000000000000000000
3960,0.00000000000000000000,0.00000000000000000000,0.00000000000000000000,0.00000000000000000000,-0.08737864077669903000,0.00000000000000000000,0.00000000000000000000,0.00000000000000000000
3963,0.00000000000000000000,0.00000000000000000000,0.00000000000000000000,0.00000000000000000000,-0.15533980582524270000,0.00000000000000000000,0.00000000000000000000,0.00000000000000000000
3962,0.00000000000000000000,0.00000000000000000000,0.00000000000000000000,0.00000000000000000000,-100000000000000000000000000000000000000.00000000000000000000,0.00000000000000000000,0.00000000000000000000,0.00000000000000000000
3965,0.00000000000000000000,0.00000000000000000000,0.00000000000000000000,0.00000000000000000000,-0.15533980582524270000,0.00000000000000000000,0.00000000000000000000,0.00000000000000000000
3964,0.00000000000000000000,0.00000000000000000000,0.00000000000000000000,0.00000000000000000000,-100000000000000000000000000000000000000.00000000000000000000,0.00000000000000000000,0.00000000000000000000,0.00000000000000000000
3967,0.00000000000000000000,0.00000000000000000000,0.00000000000000000000,0.00000000000000000000,-100000000000000000000000000000000000000.00000000000000000000,0.00000000000000000000,0.00000000000000000000,0.00000000000000000000
3966,0.00000000000000000000,0.00000000000000000000,0.00000000000000000000,0.00000000000000000000,-100000000000000000000000000000000000000.00000000000000000000,0.00000000000000000000,0.00000000000000000000,0.00000000000000000000
3953,0.00000000000000000000,0.00000000000000000000,0.00000000000000000000,0.00000000000000000000,-0.00970873786407766900,0.00000000000000000000,0.00000000000000000000,0.00000000000000000000
3952,0.00000000000000000000,0.00000000000000000000,0.00000000000000000000,0.00000000000000000000,-0.01941747572815533800,0.00000000000000000000,0.00000000000000000000,0.00000000000000000000
3955,0.00000000000000000000,0.00000000000000000000,0.00000000000000000000,0.00000000000000000000,-0.02912621359223301000,0.00000000000000000000,0.00000000000000000000,0.00000000000000000000
3954,0.00000000000000000000,0.00000000000000000000,0.00000000000000000000,0.00000000000000000000,-100000000000000000000000000000000000000.00000000000000000000,0.00000000000000000000,0.00000000000000000000,0.00000000000000000000
3957,0.00000000000000000000,0.00000000000000000000,0.00000000000000000000,0.00000000000000000000,-100000000000000000000000000000000000000.00000000000000000000,0.00000000000000000000,0.00000000000000000000,0.00000000000000000000
3956,0.00000000000000000000,0.00000000000000000000,0.00000000000000000000,0.00000000000000000000,-0.02912621359223301000,0.00000000000000000000,0.00000000000000000000,0.00000000000000000000
3959,0.00000000000000000000,0.00000000000000000000,0.00000000000000000000,0.00000000000000000000,-0.08737864077669903000,0.00000000000000000000,0.00000000000000000000,0.00000000000000000000
3958,0.00000000000000000000,0.00000000000000000000,0.00000000000000000000,0.00000000000000000000,-100000000000000000000000000000000000000.00000000000000000000,0.00000000000000000000,0.00000000000000000000,0.00000000000000000000
3931,0.00000000000000000000,0.00000000000000000000,0.00000000000000000000,0.00000000000000000000,-100000000000000000000000000000000000000.00000000000000000000,0.00000000000000000000,0.00000000000000000000,0.00000000000000000000
3930,0.00000000000000000000,0.00000000000000000000,0.00000000000000000000,0.00000000000000000000,-100000000000000000000000000000000000000.00000000000000000000,0.00000000000000000000,0.00000000000000000000,0.00000000000000000000
3929,0.00000000000000000000,0.00000000000000000000,0.00000000000000000000,0.00000000000000000000,-0.00970873786407766900,0.00000000000000000000,0.00000000000000000000,0.00000000000000000000
3928,0.00000000000000000000,0.00000000000000000000,0.00000000000000000000,0.00000000000000000000,-0.00970873786407766900,0.00000000000000000000,0.00000000000000000000,0.00000000000000000000
3935,0.00000000000000000000,0.00000000000000000000,0.00000000000000000000,0.00000000000000000000,-0.00970873786407766900,0.00000000000000000000,0.00000000000000000000,0.00000000000000000000
3934,0.00000000000000000000,0.00000000000000000000,0.00000000000000000000,0.00000000000000000000,-0.00970873786407766900,0.00000000000000000000,0.00000000000000000000,0.00000000000000000000
3933,0.00000000000000000000,0.00000000000000000000,0.00000000000000000000,0.00000000000000000000,-0.00970873786407766900,0.00000000000000000000,0.00000000000000000000,0.00000000000000000000
3932,0.00000000000000000000,0.00000000000000000000,0.00000000000000000000,0.00000000000000000000,-100000000000000000000000000000000000000.00000000000000000000,0.00000000000000000000,0.00000000000000000000,0.00000000000000000000
3927,0.03030303030303030400,0.75555555555555550000,0.75555555555555550000,0.17149858514250882000,0.67961165048543680000,0.02941176470588236000,1.01492537313432840000,8.30662386291807500000
3855,0.00000000000000000000,0.00000000000000000000,0.00000000000000000000,0.00000000000000000000,-0.01941747572815533800,0.00000000000000000000,0.00000000000000000000,0.00000000000000000000
3846,0.00000000000000000000,0.00000000000000000000,0.00000000000000000000,0.00000000000000000000,-100000000000000000000000000000000000000.00000000000000000000,0.00000000000000000000,0.00000000000000000000,0.00000000000000000000
3844,0.02941176470588235300,0.75000000000000000000,0.75000000000000000000,0.16903085094570330000,0.66990291262135910000,0.02857142857142858000,1.01449275362318850000,8.24621125123532100000
3845,0.02941176470588235300,0.75000000000000000000,0.75000000000000000000,0.16903085094570330000,0.66990291262135910000,0.02857142857142858000,1.01449275362318850000,8.24621125123532100000
3842,0.00000000000000000000,0.00000000000000000000,0.00000000000000000000,0.00000000000000000000,-100000000000000000000000000000000000000.00000000000000000000,0.00000000000000000000,0.00000000000000000000,0.00000000000000000000
3843,0.03333333333333333000,0.77272727272727270000,0.77272727272727270000,0.17960530202677490000,0.70873786407766990000,0.03225806451612900400,1.01639344262295080000,8.48528137423857000000
3840,0.02941176470588235300,0.75000000000000000000,0.75000000000000000000,0.16903085094570330000,0.66990291262135910000,0.02857142857142858000,1.01449275362318850000,8.24621125123532100000
3841,0.02941176470588235300,0.75000000000000000000,0.75000000000000000000,0.16903085094570330000,0.66990291262135910000,0.02857142857142858000,1.01449275362318850000,8.24621125123532100000
3864,0.00000000000000000000,0.00000000000000000000,0.00000000000000000000,0.00000000000000000000,-0.01941747572815533800,0.00000000000000000000,0.00000000000000000000,0.00000000000000000000
3863,0.00000000000000000000,0.00000000000000000000,0.00000000000000000000,0.00000000000000000000,-0.05825242718446602000,0.00000000000000000000,0.00000000000000000000,0.00000000000000000000
3862,0.00000000000000000000,0.00000000000000000000,0.00000000000000000000,0.00000000000000000000,-0.01941747572815533800,0.00000000000000000000,0.00000000000000000000,0.00000000000000000000
3856,0.00000000000000000000,0.00000000000000000000,0.00000000000000000000,0.00000000000000000000,-0.01941747572815533800,0.00000000000000000000,0.00000000000000000000,0.00000000000000000000
